%BLOCK LATTICE_CART
24.193983824279996 0.000000000000000 0.000000000000000
 0.000000000000000 24.193983824279996 0.000000000000000
 0.000000000000000 0.000000000000000 24.193983824279996
%END BLOCK LATTICE_CART
%BLOCK POSITIONS_FRAC
Al 0.86672922028733 0.58704509928223 1.33662481265763
Al 0.83954291798505 0.74420251491330 1.82680013391888
Al 0.96166479862161 1.01259697914927 1.46347531559726
Al 0.69293722927801 0.82293499105351 1.36010120216935
Al 0.72619740055048 0.84425662604768 1.13930401387565 
Al 0.90725501695692 0.92098981980998 1.21651887217149
Al 0.31283352872751 0.03837529538166 1.66455152977443
Al 0.40416924921848 0.32852982053076 1.13903934003848
Al 0.65873709965637 0.13972805716568 1.07098620653477
Al 0.81964407446551 0.46686376741979 1.51588942511247
Al 0.69157582174253 0.30922796225823 1.21151583405549
Al 0.33606368105755 1.13496802772014 1.71856713335346
Al 0.09810729666013 0.86489737940208 1.75166374142319
Al 0.33498757584639 0.45514597788355 0.98709823312911
Al 0.94097338735942 0.20904647533215 1.34368377936960
Al 0.16837418462957 0.42488245558465 1.04709459915945
Al 1.16180663254113 0.98304538380546 0.90910368550249
Al 0.38972360858042 0.13605529288199 1.41437236109420
Al 1.10466568022934 0.02458697204372 0.97788907501991
Al 0.50135660648309 0.39430873040298 0.61969616538760
Al 0.31028944356818 0.95096372972135 0.88927616127868
Al 1.00527804393910 0.37554119355276 1.10467442502071
Al 0.86204294781177 0.99089266488616 1.53074500742061
Al 0.72073648720068 0.29625162783200 1.06933100058887
Al 0.77553864802274 0.97390660549106 0.93945930635872
Al 0.37295416430754 0.96872621455074 0.76064293126604
Al 1.06080063666228 0.67961174715279 1.57782986244151
Al 0.82074071799961 0.25209728767011 1.61086680788431
Al 0.93078966162622 0.85152163277372 0.77258811750009
Al 0.59289360096190 0.39529955095452 1.71858023513859
Al 0.47843904716896 0.29319020956706 1.38218258668533
Al 0.23566278666625 0.81119039993420 1.36161018561181
Al 0.83238941937612 1.19489045489922 1.77855963862177
Al 0.49140435056452 1.16534035681367 0.96529905138253
Al 0.41849359871408 0.08620320214156 1.12939032400061
Al 0.97494197279118 0.85354591046847 0.65455509265047
Al 0.58254203113855 0.68028634072864 1.01342833189932
Al 0.73647067650882 0.13732681514234 1.31551269786998
Al 0.81854844608984 0.18057125020420 1.15932548395725
Al 0.66177256948766 0.76087963571590 1.64296181066272
Al 1.45921701035372 0.12787509101464 1.29809004814425
Al 1.39352615009184 0.66958303582483 1.13178817903030
Al 0.62200324366913 0.70298019853500 1.24393687267975
Al 0.98738631631491 1.03417667793022 1.08946825990818
Al 0.43105229119940 0.22647062477293 0.79271656886428
Al 0.50111700336007 0.37667206353086 1.06304932047240
Al 0.90286631807195 0.65000172920380 1.23821595614382
Al 0.70397639627854 0.92458432765710 1.33932395491903
Al 1.26500732452287 0.20401706184601 1.15830262066814
Al 0.03902554810058 0.93932616104022 1.10011273543138
Al 0.98640787710623 0.29212224849309 0.98640528379423
Al 0.30636375048821 0.50359096094372 1.37974449767248
Al 0.62408493922729 0.25970558064260 0.98392204595306
Al 0.46454637422042 0.22890276013581 1.36641949579155
Al 1.33383981697226 0.27642132070657 1.19766180085991
Al 0.26891704005698 0.83079820882470 1.02441498427488
Al 0.42498415760971 0.31080914694713 1.53974661095743
Al 0.31911569843188 0.83668361393660 1.52671604889896
Al 0.93214589179886 1.20669200809844 1.54202485580475
Al 0.99540146378037 0.84812816635236 1.78191569816645
Al 0.94703402677405 1.20992000919615 1.48567670531521
Al 0.67902437066781 0.65392156771201 1.59083757236663
Al 0.39451133937808 1.22853653271479 1.38463178104067
Al 0.65947359744254 1.23501300792124 1.10047850062298
Al 0.81327482692984 0.67716108733975 1.66421121764162
Al 0.20503276600991 0.98864456880326 1.68849578582123
Al 0.37705126925838 0.71696848588814 1.49559870397455
Al 0.54404830359369 1.44353861706942 1.33071276552020
Al 0.57973971801491 0.60358697219307 1.02803838936362
Al 0.20003311685403 1.23225016989188 1.65109082781785
Al 0.81783753085712 0.40982554318555 0.70522588848190
Al 0.86168720306037 0.81481513825524 1.02709876025820
Al 0.41305846972503 0.96542477092174 0.55629340993287
Al 0.53669632113014 0.86323498622470 0.98955501393351
Al 1.03223676481749 0.11564282471173 0.68557034035564
Al 0.57209575091192 0.54288027780435 1.40848108453067
Al 1.00216451892634 0.80709908084936 0.72329703589968
Al 0.59085249863914 0.78156634117605 0.88543747613037
Al 0.80271690109798 0.66480141220856 1.50942477057768
Al 1.30055945111866 0.44745066139466 1.19633717890175
Al 0.36067122915733 0.93719517305629 0.32160632435137
Al 0.47879581053234 0.50698981671224 1.20207466042317
Al 0.84611995291338 0.11154498879814 1.36787426413527
Al 0.37388059338921 0.90600410702310 1.32561809286323
Al 1.26832038752508 0.12975265229022 1.54926466338808
Al 0.53842376117032 0.95434382892024 1.33354035067047
Al 0.84909957761684 0.82065197649710 1.73916054799799
Al 0.96292228327476 0.89597314264212 1.78004144411089
Al 1.17433283993470 0.47383750897333 1.73167121472443
Al 0.70211014499947 0.55247931910171 0.80282539661065
Al 0.12481859684750 0.76407297872386 1.24658140162550
Al 0.99035099673075 1.15002098119807 1.13553366179420
Al 0.37360582645430 0.20290815000733 0.84824921745479
Al 0.90073140210867 1.07083602072846 0.88882297450948
Al 0.84583348356824 0.38415797260841 1.21285936606813
Al 1.10775226231071 0.47550748719709 1.69469945517843
Al 0.63990852235570 0.92896479227355 1.78212225642066
Al 0.13038491134944 0.81455364768928 0.55554404454699
Al 0.20872737307192 0.32262161786717 1.42077484115741
Al 0.87477455456658 0.42597177192037 1.38436065563737
Al 1.13201543001331 0.35073493169453 0.74243367878669
Al 0.82301032688834 0.49744754687460 1.30434373362726
Al 1.08158396010386 1.19607184625699 1.31764854722125
Al 1.31085056693190 0.58043617935767 1.49116832363863
Al 0.97441939521642 0.69173308952144 1.19130338348888
Al 0.91002177307540 0.61348952609980 1.57618191734827
Al 0.28982869751444 1.31645885568885 1.38183431846238
Al 0.30529201593943 0.67633017164158 1.57554102830037
Al 1.25134996058447 0.86612299433939 0.94081431851811
Al 0.87245727508175 0.39256612661388 1.33275944733523
Al 0.96734085216422 1.01999109199982 1.50206515301832
Al 0.27503156495762 0.88353975450183 1.31491862042792
Al 0.44733122170849 0.85964638351450 0.95577624147780
Al 1.23531235542494 1.09033119328138 1.41876493883618
Al 1.01013012168971 0.79206033015155 1.04457591391250
Al 0.02972432635468 1.18851916335138 0.70830709221649
Al 0.19604583733220 1.32820435297990 1.73018174204073
Al 0.23952083892376 0.69483385388139 1.71294329612732
Al 0.73874568871968 0.98586653774948 1.77740769534237
Al 0.81267342904640 0.85938061001650 1.67592661373707
Al 0.50383249363170 1.27139044660856 1.26635061139328
Al 0.47380807767498 0.66465370278636 1.52954556514536
Al 0.83582760113645 1.65702599041515 1.02268934117894
Al 0.96485380149583 1.65627566552147 1.08223619595108
Al 0.23932412448790 1.41602948204123 1.78935519462888
Al 0.33796480446054 0.66442522912893 0.97742807042044
Al 1.02834286270066 0.29457107835274 0.37692581056420
Al 0.90134157035462 0.60811170735208 0.20724987817680
Al 0.29757201148190 0.60454462370972 1.05496080013883
Al 1.06811752064418 0.77500948832776 0.51380166451220
Al 1.31188291814471 0.00876634435419 0.75423285028120
Al 0.84100509082271 0.80183365126541 0.53971093256475
Al 1.05422265791318 0.87821943937061 0.68152256979872
Al 0.72660607824369 0.62738481888820 1.24306627816717
Al 1.21394798561006 0.66831520005342 1.14464459389626
Al 1.32893972703858 0.11934765977871 1.41701157821508
Al 1.08606807632391 0.26033961582302 1.72336013048402
Al 0.61348357804350 0.38736202715788 0.84654453041709
Al 0.11193058043649 0.52339965464731 1.10632649475489
Al 0.16868983593791 1.04307226236676 0.57348967097331
Al 0.99484734841634 0.15763780968892 0.66371191012514
Al 0.55379588831142 0.41066519407487 1.34403853551722
Al 0.64188182037367 0.17661936187821 1.11648337541522
Al 0.58033659620642 0.88578891654082 0.81850715045747
Al 1.39499400263046 0.49801235576452 0.84318428469886
Al 1.09793586199729 0.82448971403503 1.22816631348932
Al 1.13309383666756 0.65666113959692 1.54951266972520
Al 1.71183213844364 0.62164164937745 1.29620425310385
Al 0.65278198424790 0.47058994892239 0.47072568627402
Al 0.36145451692972 0.72417061400950 1.02091288391004
Al 1.06526609353875 0.85088477255643 1.23710384182449
Al 0.89288370211821 0.97520527371345 0.47946775443566
Al 0.74856752171465 1.02823303154361 0.78270896801676
Al 1.19972957532593 0.77784484482409 0.61214654338411
Al 0.61326691516846 0.36459975096071 1.01641305781961
Al 1.57498436351474 0.54304573223587 1.19605462639907
Al 1.21557353110593 0.98987929248096 1.31687414242572
Al 1.32165670261144 0.28905464712301 1.85225091393231
Al 0.59962136339097 1.01453889120193 0.99096862964282
Al 0.27360571006802 0.86222282777144 1.21116813933708
Al 0.46633910101788 1.08667263216694 1.13233185535489
Al 0.78758227729038 0.48770424470283 1.06395750522922
Al 0.99720607304190 0.84658605271630 1.16865288031468
Al 1.03598846989329 0.72653705876768 1.50994572207515
Al 1.26354896634380 0.78820600618546 0.85536763806017
Al 1.40332285908275 0.55882360620499 1.52008712796905
Al 0.80245083726626 0.32447812087638 1.33412370216295
Al 0.70935243418415 1.11318416056900 1.25768415744648
Al 0.85885922749352 0.68717215753996 0.83080372356395
Al 0.36722930870631 0.55950232838822 1.14769719327875
Al 0.91845291312621 1.19844985209277 1.25515431126377
Al 0.74809089400112 0.56169623577433 0.71673543039094
Al 0.94938933089393 0.90722641704071 1.46417266543363
Al 1.11536280201344 0.49135904849910 0.95381072368933
Al 1.46260688746530 0.34159135323407 1.24783623503144
Al 0.18910854929713 0.86902702791979 0.93575878652574
Al 0.45900391177836 0.43301379236190 0.54194151715023
Al 0.85704742823502 1.34955543998415 1.49865145714898
Al 1.24290572628712 1.33163981716120 1.04915243933108
Al 0.50527044037442 1.25469963346400 0.81490514400984
Al 0.43999009478521 0.87817479489546 1.22476803422160
Al 0.87115919577939 0.64678808568186 1.33245499728470
Al 0.87569371324611 1.17180852256480 0.63333354751277
Al 0.60599058869959 1.26915519738142 1.41455140635690
Al 0.30053970641124 0.65744450165951 0.83877780845075
Al 0.86890414296798 0.94863140073631 1.40581473221876
Al 0.90727473875326 0.63914642389735 1.05325279083060
Al 1.17589773723055 0.58330293000223 0.96439820886770
Al 0.84094577250810 0.74529407108821 1.40247390037383
Al 0.76286457365332 0.65197800278655 1.06343863201450
Al 0.68007377526690 0.95121921257393 0.91434002104257
Al 0.35965286548913 1.47121973717309 1.19447253998799
Al 1.17038138381750 0.83528441790349 1.18277900434343
Al 0.90579960249758 0.93263160302841 1.36818125957998
Al 0.76535237642881 1.53051002125245 1.57751982712228
Al 0.57541242312032 1.05490733915760 1.48261563477472
Al 0.74111984291314 1.25599340628432 1.63147108835560
Al 0.28328481367988 1.38490523703630 1.43039439110452
Al 0.20869415487041 0.79285200319932 0.87937900935853
Al 0.93367166293435 1.68718929891073 1.53801107289206
Al 0.93440960184477 1.81114926558895 1.13281175838491
Al 0.33380461822599 1.10609933652716 1.60498111661793
Al 0.81954431595265 1.42806656472418 1.05601816426987
Al 1.08095148533628 0.64832128449117 0.47897225056164
Al 0.48218710082317 0.70527932585338 0.76405530918515
Al 1.09769032575731 0.92920095039555 1.07017965620571
Al 0.54928303127266 0.69328478170632 0.58912875048713
Al 0.63784787100992 0.15168968927358 0.43448134872300
Al 1.47829239381397 0.68480151876791 0.68789998369764
Al 1.44654360039044 0.87402445453063 1.24145184833792
Al 1.16657307454692 0.78205854699489 0.80447634750948
Al 1.32272688909804 0.82024133374168 0.77506532717203
Al 1.11465070002663 0.28695467224043 1.48709944414530
Al 0.98206955696351 0.69321577141673 0.65778170967492
Al 0.50178554421282 0.64401438720258 0.28135329798399
Al 0.72850836716362 0.98095959739999 0.41482852448159
Al 0.75368902012377 0.57544915665488 0.91172294619342
Al 0.73111734048133 0.78674621962903 1.32155103633471
Al 1.33779966102118 0.77909120409998 0.54191223639643
Al 1.14845195547814 0.61285411810558 1.31473241511191
Al 0.77510349732102 0.64526868909980 1.52264785778224
Al 0.87673670976408 0.67950116103124 0.88327547352103
Al 0.97139771162063 1.07273374802862 0.96728648353309
Al 1.21888496621739 0.31831279767821 1.19349188883996
Al 0.92284275537842 0.30082580255557 0.77817491425930
Al 0.39097793261598 1.13858281519619 0.95800039406955
Al 1.13093727285667 1.11146507496849 0.41528251166156
Al 1.22207984788303 0.34902686202705 0.97456375583467
Al 0.47245127667331 0.34936646331070 0.51916823663814
Al 0.79113753176310 0.28913226374001 1.40198956243458
Al 1.02231415723809 0.43039998612687 1.22092755829188
Al 0.62577581358507 1.07807212266236 1.27226412627425
Al 1.30854019983806 0.18810114840472 0.73839216677552
Al 1.23861897817654 0.77803218756409 0.95805806647128
Al 1.32894581026084 1.09401716982369 1.68987192307186
Al 1.18984726990157 1.05687386235615 1.73841215056636
Al 0.29111955980518 1.14054201288539 0.67175100817859
Al 0.71202714528101 0.61164564098682 1.08267871780574
Al 1.11849832427492 0.50116640350823 0.75166011092201
Al 0.61866575971668 1.23381653920291 1.12567103731604
Al 0.57222400216942 0.97793079789968 0.76887924122352
Al 0.46433222944547 0.96572589193120 1.32073105030961
Al 1.43924507475337 1.08706675742036 0.71774016734600
Al 0.67839292373981 0.58897009284605 0.76679585602651
Al 1.01824426829311 0.94675129838569 1.68855954046064
Al 1.56811478111266 0.71947119703774 1.02602981206022
Al 1.76946218955602 0.31816020415375 0.92854593371015
Al 0.71958719820947 0.44431836722945 0.69663948994867
Al 0.65789767302547 0.91152722462483 0.67881392746286
Al 0.19636741425952 0.76009593719386 0.83801396468954
Al 0.89886178836059 0.75908991493670 1.17330163874434
Al 0.91476358097882 0.68569411057646 0.81359546785840
Al 0.96863203655901 1.19569248996214 1.30044048327850
Al 1.14856797385030 0.56779157747446 1.48431881997611
Al 1.11584528950429 0.74449658259020 1.72664936825508
Al 0.75566643174529 1.24507395369973 1.44635158355683
Al 1.38689496485791 1.32010019340011 1.19809212808068
Al 0.16330678174516 0.80990422407624 0.26067251467087
Al 0.32960981846336 0.81745202796527 0.69322320415622
Al 0.23805582221040 1.13640409982863 0.63023390385521
Al 0.80389675351663 1.27486016489727 0.88661161211113
Al 0.81143516786910 0.59530581323470 0.76269322253882
Al 0.78631313204600 0.73892839560259 1.52917881165606
Al 1.01987769069383 1.05470091136887 0.94924214690002
Al 1.32594414936194 1.30579458116115 1.52955301509040
Al 1.57284258846408 0.48058064010064 1.82991571839665
Al 0.00251982454768 1.36640891540579 1.19957900760724
Al 0.93095421956643 1.22408699534934 0.69390490718062
Al 0.39557753150307 0.79220742044350 1.35497164573515
Al 0.25729760716669 1.32852772525600 1.26225031602523
Al 0.98129445431622 0.74221519123621 0.78469823841982
Al 0.70933329837669 1.00832048935578 1.54437016437145
Al 1.14841754802527 1.01925664414382 1.06055063479217
Al 0.78862218617774 0.84061561259587 1.70914616211557
Al 0.12996546009983 1.37342120888737 0.72346633658866
Al 0.94800089672108 1.38324312797279 0.73358546727535
Al 0.53469593300716 1.16237872726341 0.62577930014804
Al 0.81081047582289 1.32255985319026 1.36559626533725
Al 0.35906181571155 0.85102719885243 0.86492118776796
Al 0.60544383921315 1.48874759381355 1.03449363889217
Al 0.65639883506238 0.60882466036654 1.00333631487699
Al 0.36332333597670 1.46691426723234 0.98320586321719
Al 0.88182499261056 1.05290138289824 1.08918977370941
Al 0.22695745008843 1.44854619371896 1.63285551900530
Al 1.20451274548095 1.20171547750177 0.98910524123460
Al 0.87354768445763 1.48228818883631 1.16149706443238
Al 1.30862296349801 0.92233653496388 1.90257614661769
Al 0.66629509432250 1.34072425795969 1.32682666002898
Al 0.32384428285912 1.28041715124784 1.57203311740304
Al 0.37814697025320 0.96710056116243 1.59021839145400
Al 0.80524819083853 1.38437374909197 1.13778714304307
Al 1.27029500060151 1.40734187109146 1.79206508769318
Al 0.77650311798506 1.29680484745028 1.14774358016032
Al 0.81152317112481 1.37535988697818 1.68068930944147
Al 1.06426240687379 1.48474289412449 1.71219295227175
Al 0.41892386170844 1.76725199079608 1.12736409086539
Al 0.42732271012876 1.89931569685454 0.93204538582238
Al 0.22911016626373 1.78029776712415 1.33514870520213
Al 0.42135236539821 1.72501839924139 1.01267674778611
Al 0.44113356493910 0.44766741601872 0.93954591822002
Al 1.01448189746013 0.01638742950635 0.87248386101837
Al 0.66927603308141 0.68261318098149 0.84144931417898
Al 1.24053673672542 0.15046126771738 0.46910725092566
Al 1.20085827043691 0.49262820261748 1.07379506346183
Al 1.15573998527694 0.16334391481163 1.11712964520148
Al 1.33552501079852 0.66604620819791 0.90847365786160
Al 1.22762198370864 0.16344673866874 1.23549799135973
Al 0.92501628641773 0.12634995522671 0.39321309951060
Al 0.88522834223318 0.88873663096047 1.02123915645803
Al 0.65868964768353 0.88730637647674 0.48210975002722
Al 1.46801323716268 0.46387833248783 0.65439766627270
Al 1.22752645917366 0.88516779775582 0.48910615436604
Al 0.91033376019200 0.48170116793088 0.99852841638033
Al 1.56469602035443 1.06839881779389 1.33369575474837
Al 1.03187529690229 0.28038761536762 0.91731423266042
Al 1.65049008398304 0.50943359502787 1.39416120201777
Al 0.35300219858581 0.99322908061240 0.20991438045697
Al 0.46561586490890 0.97468394741869 0.24831919990570
Al 1.28605190219886 0.96522183448477 0.52508148134294
Al 0.79342933182485 0.65932622051491 1.00480934440112
Al 0.63981181841859 1.13475375370614 0.82317892209579
Al 0.72008034473010 0.60943043928411 0.59812279248528
Al 1.48901552960465 0.94198979549783 0.51467440600174
Al 1.50491087676945 0.82325959514788 0.77050507281948
Al 1.20321255949488 0.73357352739335 1.60795804831143
Al 1.24890326581881 0.28325582608368 1.59242384747306
Al 0.18254001684010 0.52907650517985 0.36392486586934
Al 0.37628814583028 0.51555214106711 0.89364323860482
Al 0.55410553491964 1.06366448167477 0.71331107288573
Al 0.84301669318920 1.19556138767126 1.15095205188315
Al 0.45404224974373 0.38249868886945 1.26315126982473
Al 0.91693819549190 0.97704270082125 1.07226567319164
Al 0.60273649522710 1.14890637341010 1.17297996524138
Al 1.11418820539018 0.62754218651761 1.40814745940002
Al 1.59632040477460 1.19915635783213 1.51580754403062
Al 1.36578795692282 0.93344200978823 1.46720239814087
Al 1.11074140068651 0.95848355138804 1.80792998482325
Al 0.04143680547739 0.94904791983824 0.78050563920665
Al 0.19143577680474 1.08770381239001 0.72440313878709
Al 1.15562413201158 0.50321879752079 0.61487897746417
Al 0.87007157016414 0.95446219048653 0.92592889993462
Al 0.93144161188376 1.17594038319802 0.33520945776695
Al 0.75309932395122 0.41068250974145 0.65944979177039
Al 1.16303526324074 0.73979288209146 1.36133823121546
Al 0.89970404252565 0.94106267643968 0.72539295520718
Al 0.69949414127680 0.82226802379464 1.44927096750516
Al 1.06654845775031 0.45694707057388 1.62165361382330
Al 1.28206259494317 0.51229966139309 1.03814244000880
Al 1.89264898058949 1.04167893580921 0.95547068035302
Al 0.13560955174696 0.94889923370161 0.70591734313133
Al 0.67724864779539 1.14866412546046 1.09777204146339
Al 0.77019127542276 1.29323344282667 0.97259727572455
Al 1.00697791329688 0.61425240276285 0.75474085890057
Al 0.73299305466481 0.70721927203108 1.11057591766353
Al 1.17371775119037 0.88637074475001 0.82880297962758
Al 1.37953698842692 0.62438360007600 1.39634903455098
Al 0.70942745758699 1.26817117820214 1.36679115633670
Al 1.46346383814756 0.94082738094998 1.30651880950243
Al 1.07696484541380 0.62028001306457 1.04447297164364
Al 1.12457753970320 0.70787212149580 1.02681468762261
Al 0.75590133941292 1.49356251024156 0.18999683202887
Al 0.25605404032108 0.54631575920432 0.44031635572239
Al 0.30880052041037 0.88426667118212 0.38462325646969
Al 0.42709906293290 0.81571580208253 0.60104606511921
Al 0.51082408407686 0.75219922242767 1.30012708456774
Al 0.71170004593796 1.08461081913332 0.94908953548220
Al 1.38538672136482 0.78808938189699 0.71608156298084
Al 0.90150246806389 0.89672221848183 1.52642411632760
Al 1.59421706837730 1.08758656095797 1.59891713036159
Al 0.87661679091820 0.84387564001260 1.31302920812140
Al 0.67313326772043 1.58286452806289 0.84350009523405
Al 0.18704206246908 1.49075389154885 0.65738381253446
Al 0.85280127653287 1.17804710596866 0.71665448613609
Al 0.58944454509792 1.56912336782666 0.84087313307936
Al 0.92632590657444 1.17874123424511 1.47572415862028
Al 0.96960277567668 1.58152232973124 1.43561610530234
Al 0.58876667632545 1.45728715639095 0.90988828068843
Al 1.36108907018725 1.16877570165071 1.03671352433310
Al 1.55048378704105 0.67876839829338 1.68740569032044
Al 0.12576712665751 1.47951705831323 0.54550881205592
Al 1.00952870220007 1.50757991090006 0.45996077813865
Al 0.57811097441074 1.19886260040943 1.04497786908495
Al 0.67187072053242 0.89666257120413 0.83444175898566
Al 0.86330158047354 0.67071806389938 1.41306216291517
Al 0.73625528306194 1.41631089164911 0.76008379557274
Al 0.89298451644600 1.12745098699595 1.79760394101887
Al 1.08952414552220 0.74260425680826 1.40553840058638
Al 0.17147360359870 1.22143654398364 0.92041234975547
Al 0.23830821175656 1.08659872536672 1.23904289361952
Al 0.59915274720769 1.13177305867877 0.95042137315267
Al 0.44543630548955 1.55310684152068 0.89454704147379
Al 0.61233541635326 1.36016767085111 1.72922724470362
Al 0.47761669743311 0.78398398620925 1.37016143865806
Al 0.92823343970460 0.84274821426383 1.29320125683476
Al 0.65151610425511 0.90819527364041 0.85308284586892
Al 0.88007500777852 1.62932635591639 0.77586858215520
Al 0.59123421494602 1.06548180982464 0.84344238527627
Al 0.94666206482820 1.12109121823987 0.76731801691377
Al 0.66233194514446 1.61150236913156 1.74134630734869
Al 0.78049201212746 1.63171438255114 1.72034581078875
Al 0.26088450516097 1.90448382153235 1.28674473823071
Al 0.66252902310180 1.28003921836162 1.39548027689666
Al 0.26442418652123 1.61960980170964 0.92790554681820
Al 0.95181547815833 1.19908048314245 1.00977841233800
Al 0.67566272837038 1.42326105612835 1.49265710266581
Al 0.97352410963457 0.96435353173586 0.16907601809189
Al 0.83540443376584 0.59363487583339 0.21342915113015
Al 1.14391777323155 0.43030447914785 0.77701380461966
Al 1.55597200488897 0.42160608692920 1.11577660516715
Al 0.91162495233251 0.59380001601663 0.57996480879276
Al 1.09635471979219 0.40395024186806 1.00769332234595
Al 0.99035305432503 0.50160107427271 0.35944152989339
Al 0.76860144344264 0.27857997404244 0.52913707158654
Al 1.20317502662664 0.11672997568898 1.15180761541556
Al 0.83743706672328 0.24708099411315 0.34804994900547
Al 0.92894865748982 0.61304350296701 0.82916583371404
Al 0.88535685147629 0.92208989542333 1.15428821074390
Al 1.87154648619197 0.14325600293494 0.88265239504717
Al 0.55985834054397 0.50668434685913 0.04413802655781
Al 0.44541391758304 0.69814039882743 0.15660899553324
Al 0.63236899313765 0.60529934162931 0.30011403532792
Al 0.93648819898723 0.82553538411698 1.16834091315202
Al 1.10182538656401 0.87724053713393 0.68534395835241
Al 1.30622828124619 0.84603451840540 0.76142879495531
Al 1.77394087522181 0.20270766098250 1.39396378796523
Al 1.17128098579900 0.51234246096171 1.18366126543452
Al 1.15257895244262 0.47223810510699 0.18115740964520
Al 0.77141187234044 0.35137193779623 0.60792903557602
Al 1.37348732446521 0.49687819287029 0.27405802244302
Al 1.11773870093866 0.90772934057889 1.19703093802447
Al 1.08148738419835 0.30573561616347 1.02773170551981
Al 1.60756457470743 0.67864847396152 0.95341853925242
Al 1.64740344011522 0.56672586438430 0.55801663161781
Al 1.63873671079628 0.65484119915496 1.37189377579632
Al 1.78388320385887 0.65824862630096 0.84173020941578
Al 0.73709371088426 0.91290411758766 0.46042521687704
Al 0.42340720842834 0.37714275767925 0.79054546240387
Al 0.79871474429451 1.25755379162960 0.95081631324430
Al 1.38744050466385 1.16106961348212 0.35826857265107
Al 1.05808657495134 0.91178127985170 1.05760351236009
Al 0.98319165270575 0.93525553512646 1.01520996116681
Al 1.26263777105392 0.55632106397465 1.37264515264330
Al 0.90395758529382 1.13232945259253 0.79221645548621
Al 0.84795049291668 1.02134117869837 1.58315699331964
Al 1.61036825881965 0.98161309138445 1.20989952953668
Al 0.15402067774789 1.20506298301111 0.38847845311783
Al 0.86818268099000 0.83537322594383 0.34253214772565
Al 1.15750704028335 1.23111123299277 0.66158331122456
Al 0.81451540207301 1.02956429138819 0.77751256201159
Al 0.80329967019813 1.07367747809940 1.26716113431513
Al 1.39583851757363 0.74050951625978 1.41539809956894
Al 0.93838695025226 0.88557124641314 0.70056226589731
Al 1.15078301177263 1.28085608400595 0.77566877074239
Al 0.92655902114540 0.67840103358023 1.48596472305028
Al 1.80570720309014 1.11605083831648 1.14064669270928
Al 1.30469973770071 0.86921063309944 1.62028290002740
Al 0.33518274738119 0.58328866205189 0.49878598210491
Al 0.52745362238699 0.64531553814908 0.92499625357894
Al 0.98076414699949 1.17722567994079 0.23016496993117
Al 0.68547854772329 0.87206327615816 0.87064048597431
Al 0.79847809312018 0.59501035889371 1.15804721338648
Al 0.78187372037054 1.16951493932866 0.94136370487821
Al 0.68094787565832 0.81238353001314 1.20312153328773
Al 0.97302356307002 0.90019800604947 0.98744607915561
Al 1.45002860615512 0.96549628554144 1.07174630130648
Al 1.16104160119165 0.83658943180587 1.38656453930556
Al 0.92472635255121 0.53510107177123 1.17563208066964
Al 0.94334184370193 0.61020892319756 1.00466848121074
Al 0.78207898275583 1.22708951606892 0.89351889704700
Al 0.94264836310060 1.15156306520617 0.81466826650129
Al 0.73875945539764 0.73691709647427 1.15824914810613
Al 0.93630294953639 1.49356508248157 0.74326307067192
Al 0.51326153594672 1.29672407998093 1.02841848034754
Al 1.48067663825857 0.58870070550453 1.07521331359755
Al 1.51308904637025 1.35192712865373 1.61282149459538
Al 1.39938391155173 1.44949044335612 0.96610161519135
Al 0.94313351655382 0.91138191667219 1.28317919976157
Al 1.11718493516502 1.33671940148206 1.72605359116526
Al 0.73958559611411 1.66531636016318 0.90080056504561
Al 0.61817576724982 1.34851847875513 1.06870100876287
Al 0.64926891243503 1.07022792657276 0.99753945477267
Al 1.03969187917203 1.19233332225949 0.69814895015247
Al 0.49401999361445 1.41461573069201 0.90511727401549
Al 1.08478789186098 0.68469574495774 0.97056436034717
Al 0.50074235340124 1.34462585635297 1.32164319030061
Al 0.67786985188139 0.95648327879382 0.97672381101534
Al 1.14548691911214 0.72563353267901 1.15046971270761
Al 1.14094302233190 1.60215478715273 1.22945962015077
Al 0.22629653671245 1.31131223212796 1.07262432385610
Al 0.60956450393667 1.29756029349001 0.47739834180262
Al 0.49637997602744 1.33176055567210 0.48589967586200
Al 0.33968180300530 1.25511171362055 1.34371088315694
Al 1.16817812888396 1.47852027571732 0.93513603666004
Al 1.09628572974838 1.42241029015339 1.58677533309586
Al 0.66534184788075 1.38591647873480 1.10634150753482
Al 0.73305098453099 1.12271630293442 1.04599439077992
Al 1.02239423263591 1.21138554328458 0.95357750303274
Al 0.68390633643673 1.70334449140828 1.25876086385140
Al 0.28442659993678 1.48229799225971 0.56563368850816
Al 0.20113406868575 1.21631100675653 1.11118801332186
Al 0.51936638356528 1.00595991477259 0.72784993565399
Al 0.73682346543373 1.08320763479992 1.29443361253460
Al 1.34270825576892 1.44122855112405 0.85167841745146
Al 1.20099996148688 1.45350990733750 0.97009795657148
Al 0.97242131541660 0.97199862380761 1.82761551619992
Al 0.63225360115521 1.05852028966582 0.52327331134056
Al 0.85961304840325 1.90140036707347 1.12579071130936
Al 0.17788777739946 0.96624840638157 1.41958601005981
Al 0.52971749191259 1.50907586275383 0.93881758165567
Al 1.22472726587690 1.58612932563686 1.36503159522622
Al 1.38366918263372 1.68018753061427 0.94207592252300
Al 1.11274335730526 0.96109665742669 0.96636162290375
Al 0.85888374895441 0.63751551985686 0.78450379043305
Al 1.04365244568672 0.50823889978528 0.30854155800566
Al 1.05794290458583 0.75081304375542 0.52951357573301
Al 1.73353285540924 0.10732048611677 0.29559308742767
Al 0.62273672411105 0.83292918652753 0.12693340047708
Al 0.72166931529315 0.89095949123413 0.18554715589959
Al 0.77261623550541 0.73231323649378 0.78233428794928
Al 1.81720952859873 0.49399489594901 1.17133372795039
Al 1.76604693998637 0.41660909801296 0.78280603853007
Al 1.48899907357201 1.00777628731626 0.07297283310919
Al 1.31142862561341 0.68743806953592 0.30317722918959
Al 1.00516213147815 0.49219938082619 0.64419570097064
Al 1.34726933547517 0.47397970307280 0.65444241417885
Al 1.34325701359350 0.94265981326882 1.11079058466770
Al 1.12001363626536 0.75241381134486 0.47938407493203
Al 1.25220647359250 0.69517159180763 0.01368939675845
Al 1.40648899754715 0.69691202030130 0.46984324319425
Al 1.52460720962187 0.96054306974595 1.01094919541730
Al 1.26377627014043 0.25848840819323 1.02965420302967
Al 1.46011752520282 1.08276816975978 0.74816729048134
Al 1.50728639172954 0.32020397869192 0.68903705642711
Al 1.67131627286984 0.40566721305258 1.03737348236414
Al 0.99723948425745 1.25607495556312 0.51593162438979
Al 1.28661483513640 1.22765535243081 0.72633784762997
Al 1.15998772453384 0.57159450953443 0.25966957636712
Al 0.85445789101470 0.49283841030004 0.91003348058220
Al 1.47638797023201 0.40417523438132 0.52073029750491
Al 1.47303900006794 0.86322002675309 1.18017832113317
Al 1.70958501418878 0.46432070260283 1.34979607512063
Al 1.78202959387409 1.21808507379763 0.58711192439120
Al 0.59476610255150 1.41605499244489 0.91570527498686
Al 0.37740466642416 1.14871774196628 0.44334033257028
Al 1.33240596483163 0.63999140958112 0.23511961546734
Al 1.02628126387767 1.15721495191263 1.21503898968781
Al 1.02570616639691 0.80855965034906 0.97734008867343
Al 0.91832461582758 0.76621627896931 0.82100855710228
Al 0.84471450292986 1.05322253469591 1.34253515380962
Al 1.07862008131989 1.03347709457611 0.79809387560190
Al 1.88410843168700 0.74396910992697 1.49625591654467
Al 0.73093791105096 1.28573545029719 0.07419295891157
Al 0.95488808028526 0.66137019477348 0.45255758484532
Al 0.42611009306008 1.04956208762110 0.97753230518395
Al 0.71031702116291 1.03883013049389 1.08126548817227
Al 1.19888151117856 1.41002995357743 0.50502421067998
Al 1.09929314391464 1.37775763268033 1.35473703284966
Al 1.43402823733346 0.83142919678884 1.26100205873146
Al 1.60902045760560 0.97244088164459 1.26012615512953
Al 1.46145000071533 0.99436318677323 1.10553839306538
Al 1.77980756309828 0.59829980767816 1.27868966425883
Al 0.28759522452807 1.13097098169843 0.20331922029931
Al 0.47396909945925 1.55875092343281 0.20035020152958
Al 1.12823592073432 1.13867213781349 0.94919086699045
Al 0.42518493924912 0.62130388427381 1.17780200754838
Al 0.46558410484156 0.77643930184252 0.99228205779580
Al 1.23893039544235 1.52784800928677 0.76892001369930
Al 1.55348381005181 0.86246827216731 1.38269494142040
Al 1.54667330862665 0.91464129529421 1.18442024914322
Al 1.44757566577325 1.13192498160736 0.72892093296014
Al 1.77521201220789 1.15578360461651 0.98526727603968
Al 1.28643946668945 0.62718184115415 0.94436315604538
Al 0.90176726951861 1.55359648772674 0.44689671212358
Al 0.59425934078995 1.45530989493602 0.68239374060175
Al 0.75080843770698 0.77491943052853 0.28074412938601
Al 1.17162440411950 1.45127343264226 1.12655564964880
Al 0.79206605909716 1.59658675186332 0.69322898427790
Al 0.83399522366746 1.53709424327410 0.52709434630287
Al 0.55097803453389 0.80773312882494 1.25276645397317
Al 1.27492362326190 0.82060012474768 1.09605156762050
Al 1.09459257194743 1.13507059352320 0.68557411285420
Al 1.18994439013665 0.89979960848846 1.13952555648704
Al 1.66453671764380 1.60053329124757 0.86523026244062
Al 1.06304420518855 1.08529768413539 1.10509076404068
Al 0.04477001431898 0.80078836326751 0.84152375042905
Al 0.70860171461480 1.60118666411632 0.49183770101137
Al 0.53450179525965 1.49009648755302 1.05094427882671
Al 0.73045933101033 1.08524364816052 0.60251935627831
Al 0.53574503466260 1.55462144614033 0.80838022138844
Al 1.23827682787843 1.49074464415512 0.85689777394481
Al 0.67702473853918 1.08443047773781 1.50099408851190
Al 0.72907337558218 0.93905817184699 1.42227194122632
Al 0.87472424975633 1.55766248819107 0.77147022794325
Al 1.44554501925482 1.02066726678351 0.91587980182244
Al 0.97952578847057 1.20545149025376 1.32994893942264
Al 0.70190263765496 1.39510646511511 0.23792685171681
Al 1.07959466048279 0.85532928266626 0.69792138030500
Al 0.65619108947358 0.93666602160389 0.77192531942536
Al 0.27439486505122 1.74872366863089 0.82151814822509
Al 1.22773539665477 1.21026635016598 1.03873264883284
Al 0.61572553103170 1.50909624199582 1.33910833101458
Al 1.10431168025446 1.34531169981067 1.50740087055783
Al 0.91918690203101 0.98492745081869 1.62293604624167
Al 0.91753642800106 0.98214586495467 1.32985971352663
Al 1.42345398104545 1.38938151642459 1.63913760351533
Al 0.00881844559835 1.12364038992072 0.84084292658807
Al 0.90338966087896 1.18591427599918 0.46974028689106
Al 0.26871891558112 1.57048396417820 1.37363639845880
Al 1.16870430108538 1.80933343398594 1.40984342125096
Al 1.04454726316955 1.57220162107982 1.26877630517677
Al 0.56359174009930 1.36394623000590 1.38326067168237
Al 0.73695992493643 1.41672512197927 1.50510096049117
Al 1.22408466131892 1.87881257663785 0.86917670183955
Al 1.66244408212241 1.56106848649028 1.83233924356909
Al 0.84323522380243 0.26162107767256 0.88650215530632
Al 1.60848376554217 0.60253984999104 0.71059991997966
Al 0.81154148169590 0.62683408653269 0.84065027315076
Al 0.90016160395418 0.64122602289662 0.47795314528111
Al 1.00590429224884 1.03300640492798 0.65255677876794
Al 1.04874587639932 0.68277766036681 0.59357665815320
Al 1.44064824175573 1.01347617424571 0.71302362985923
Al 1.15863705430916 0.93353965236201 0.36799829456596
Al 1.45992800361811 0.30853452521797 0.92258384901852
Al 1.25408150249158 1.00765226616771 0.63302755311875
Al 1.34305337684251 1.14661428929631 0.28800399547885
Al 1.58575083111179 0.48707110184463 1.02175651160600
Al 0.94218345597687 0.82606960112394 0.52342673991747
Al 1.53002557748243 0.38071969632571 0.71584471365824
Al 1.21693303328788 0.70538865472823 0.44204695991399
Al 0.78982047024663 0.86142713102947 0.41933982909112
Al 0.77818752891131 1.16990540817529 0.21148862333227
Al 1.60502994847449 1.23829927220683 0.30418678096333
Al 0.90557123686078 0.87259801636462 0.71513307113315
Al 1.38609245686088 0.82915534087160 0.91646049962268
Al 1.21508510668485 1.40932054430647 0.05146151511683
Al 0.89332579684979 0.89475895930276 0.98450227610247
Al 1.56670662735108 0.60085885619416 0.34384200672750
Al 1.62547726599384 1.09308080607712 0.77708278020480
Al 1.10928590544703 1.15113209903204 0.68326393936405
Al 1.43291764774663 0.61446324231881 0.88893843452231
Al 1.83510329906536 0.58242674416898 1.07548631597057
Al 0.77317327627133 1.03169294559731 0.71220761780735
Al 0.93848338149866 1.15012384290329 1.07384440390861
Al 1.46435376797481 1.13789011406124 1.09209432861019
Al 1.19429797009228 1.24158060769692 0.71788654205757
Al 0.67150903192042 0.55135714945084 0.89795858522345
Al 0.84902334290452 0.71048728579001 1.31503480291389
Al 0.93422793226140 1.25205911604647 1.13784632657157
Al 0.99203536438309 0.94633546461671 1.07680295255028
Al 1.13098119441852 1.49978001418988 0.25138941844943
Al 1.24199830990712 0.82799145442826 0.16668165794377
Al 1.39872993391125 1.31682544396762 0.54833489129082
Al 1.25262161808356 1.00161787380880 0.86556724140736
Al 0.98297062486963 1.41889769240202 1.26142827539773
Al 1.33342334009432 0.81978045447979 0.69686295024235
Al 1.02644258285618 0.61671377787444 1.08844141662686
Al 1.15242111379722 0.86097979404211 0.91176213633009
Al 1.56758900732761 1.37135826842650 0.89189289626289
Al 0.41165833842169 1.44762952713557 0.89980523373070
Al 0.85278719649359 1.02196120786239 0.31539387657819
Al 1.15154723404832 1.50510556024003 0.16917300098999
Al 1.04494005115889 0.92039000824492 0.46999555887901
Al 1.28066650945092 0.67940487841087 0.55187611338548
Al 1.13204861597337 1.18246309395760 0.85891025544449
Al 0.75217043687225 1.24864706829663 1.32385963900386
Al 1.11516978992038 1.48426726232999 1.29097071313776
Al 0.86591147972887 1.35883316475642 0.89674321871784
Al 1.20612134983946 0.75956529146851 1.49089857619526
Al 1.06780942099663 1.43980727038561 0.74058741598997
Al 0.27855439309402 0.95858705893466 0.30584907879070
Al 0.51253045727587 1.18775713835420 0.83931838435717
Al 0.68930907266361 1.55384141565244 1.05254559684457
Al 0.44912090585961 0.85868201301484 0.38167075383855
Al 1.26731164505369 1.59055438835708 0.69107200717331
Al 0.92095229544452 0.80836104379561 0.60189529090148
Al 1.57121667884797 0.97442619828804 1.54493231078526
Al 1.27089693444608 1.26293664892283 1.29147645208778
Al 1.41220489809946 1.59275943698497 1.17027173377970
Al 1.41993959382228 1.12488006607958 1.50196870581496
Al 0.76775124451664 1.68817390559677 0.66420666859662
Al 0.73966394043134 1.70671623945325 0.32128000999932
Al 1.11225977675681 0.98907074696501 0.21523324665484
Al 0.41302265974152 1.41031249657695 1.22880542210921
Al 0.45888577451621 1.69052851128756 0.95171012433622
Al 0.60117763377994 1.49197073887627 0.86373740434414
Al 0.69236618254091 1.09771295665947 0.77106760168340
Al 1.55110555694286 1.80731266540898 1.03151823045835
Al 1.13938779650181 1.06649098954755 1.20527049099815
Al 0.94032258456649 1.01052332005029 1.08141267150375
Al 1.35513170935078 1.63191397534258 0.89952222699396
Al 1.27436225222562 0.96148110341380 1.19510885384043
Al 0.08249746351751 1.84421369597167 0.77227408422739
Al 0.40818914256278 1.23072732269817 1.01300896395940
Al 0.33842173132244 1.09492301923940 0.46006222185752
Al 1.16029045548999 1.66097156883718 0.57471614288803
Al 0.52923925915460 1.63336334609544 1.24615691227175
Al 0.57169904202364 1.15646073307752 1.47299047328710
Al 0.94951384138000 1.10981862457150 0.78355156300224
Al 1.33710283296741 1.10997341436712 1.29577507536691
Al 1.00308513077417 1.19933913088328 1.08348180344338
Al 1.05078483515164 0.94114875327591 1.44737746914006
Al 1.00192733726970 1.54520225656727 1.42379815988853
Al 1.10957786296296 0.31919653406891 0.90257893318225
Al 1.06092330813607 0.21218328409908 0.00410352202910
Al 1.48063146560043 0.69081660908976 0.35650951611805
Al 1.20491031149889 0.41375934591141 0.17852496873255
Al 1.30148963175862 1.19861189579490 0.17728481926721
Al 1.86320252543873 0.57821306881041 0.25985126871791
Al 1.05292262122920 0.55978483528357 0.97938780755019
Al 1.08710587555879 0.42968689077858 0.34381270151972
Al 1.38046059510491 1.18650350651860 0.44451449355926
Al 1.24314654795795 1.08223214789908 1.05274211584824
Al 1.28513350190564 1.30221927880180 0.55161016834921
Al 1.13637615468632 0.63979526166520 0.83737364046152
Al 1.52510895349963 0.77120379313008 0.82262749635573
Al 1.75212061233680 1.39782641490864 0.57373736779477
Al 1.00733570432726 0.92053360078429 1.24055987808371
Al 1.07887647573541 0.84477546246040 0.31841240335835
Al 1.24980672320282 1.25688260475953 0.49114292361455
Al 1.23122940104548 1.15787763102821 0.20714216106583
Al 0.97227930350496 0.78084410776677 0.97582709146306
Al 1.51700301361836 1.47668134542109 0.88024507557683
Al 1.34962266849250 0.72285771203355 0.96150855526453
Al 0.49249185845869 1.22105671848414 0.70572221499981
Al 1.44423057655571 1.36159745162402 1.05739476265009
Al 0.65426614636697 0.79013079104401 0.33601943302970
Al 1.66309103158395 1.21663373193152 1.00845667656749
Al 1.65258599698088 1.00408509411686 1.28503398994437
Al 1.35297454288180 1.38482644712330 0.44199067895104
Al 1.77489696301737 1.18438393011218 1.26460380720530
Al 0.43208879589104 1.27792148727530 0.15815790627173
Al 1.33043032124836 1.26844757523269 0.11493983561351
Al 1.34204468204403 1.25916458539691 0.30153526130580
Al 0.69904298849870 1.24903061119564 0.78781164467291
Al 1.06966468868051 1.17054817217212 1.02636006509247
Al 1.33000660889179 0.91905944539034 0.77872957980792
Al 1.74804882259750 0.85446869630283 0.92523783797447
Al 1.24206474869457 1.14693118132352 1.40945204128985
Al 0.57629494114367 1.38029254541240 0.26219789768738
Al 1.16120170932707 1.13528963959715 0.83460625795615
Al 0.49963086273497 0.80358890241772 0.48259848116151
Al 0.78926146880645 1.15852830755815 0.36921507046729
Al 1.39779685517058 1.03633687125582 0.71973669801563
Al 1.40564230102258 1.62520090496209 0.87382868470871
Al 1.68008068673834 1.24401267748447 0.51984290474992
Al 1.78866055210398 1.27625316340034 1.45446092853287
Al 1.12648480432435 1.16802735949425 1.19175226093759
Al 0.48871289741299 1.31850608844026 0.65546543152000
Al 1.20162901278993 1.14074478429927 0.20936576314666
Al 0.73301797578833 0.88669456945798 0.96579553354880
Al 0.53942446427329 1.56635103758985 0.64191652706542
Al 1.45002615480696 0.97743212909758 1.26379034260081
Al 1.25923540988871 0.86785894791971 1.01839200461796
Al 0.76176737010861 0.96692567302940 1.16014777744121
Al 1.71266967586983 1.55835219085923 1.14692770234856
Al 1.11651582970265 1.06655894658452 1.60561354515799
Al 1.50100683032823 0.96885066953529 1.16578807810348
Al 0.99939215106217 1.86842240436029 0.46412702160920
Al 0.71024855774717 1.16272915916507 0.84478898794516
Al 0.96309665146885 1.44087716139192 0.33377149333519
Al 0.77960144552004 1.53307616796004 0.59314606909990
Al 1.41159086306395 1.22566182124088 0.41046175889873
Al 1.25147019627313 1.72100547726324 0.49789942047628
Al 1.31444487880787 1.24299801894180 0.98653091536518
Al 1.53060424835269 1.15278691871982 0.91955492125878
Al 1.07560012713872 1.74918497917727 1.35485977179970
Al 1.23745727936751 1.78540766475656 0.96007338925951
Al 1.63295332384256 1.22843671228870 0.99863374774402
Al 1.26314436350040 1.09477523668846 0.15840229685930
Al 1.46801002970352 1.05472583704482 0.01106466666026
Al 1.03823517303888 0.40194298402688 0.40592671989395
Al 1.33930255138083 1.40016865872556 0.73390451961749
Al 1.29475511223962 0.83181008464653 0.09051490999651
Al 1.65433103647713 1.24706254901980 0.90387887286326
Al 1.49108917975501 0.85643507414135 0.55061122161093
Al 1.74635799826330 1.31855348929278 1.08016031083830
Al 1.34227455656125 0.86552425259645 0.92417589012857
Al 1.68296867237059 0.90233648747457 1.12071862891699
Al 1.34679731925485 0.68295205162829 0.39241199892341
Al 0.97153882052903 1.14843259849875 0.66555790045159
Al 0.96317281552244 0.84942266745652 1.03008493534224
Al 1.40345452365379 1.30298698287880 0.61737450212413
Al 1.35852360752889 1.38187208552725 1.28856968895024
Al 1.26273894432904 1.30358644917894 0.95044618626402
Al 1.08100894583114 0.99040230089417 1.01664679756945
Al 1.01553457021638 0.90140772288166 0.43528361905421
Al 1.26479951337101 1.62666931517945 0.34860803587336
Al 0.99855131018460 1.48436556759209 0.41082835859538
Al 1.56768400118770 1.05603212102746 0.99518179325343
Al 0.76142556091188 1.45064819941865 0.50842489453257
Al 0.81050272196279 1.21903811300845 0.90203301682461
Al 1.47203750399658 1.56285016653479 0.61518871033919
Al 1.51697338006065 1.24104604562396 0.28093994653538
Al 1.00036598029821 1.36322947096851 1.14033777398981
Al 1.04992148846672 1.42097440494191 0.67242729501469
Al 1.45545136527257 1.33944525149316 0.56941772491417
Al 0.65661919972562 0.90333970052030 0.44757217798801
Al 1.01555309991950 1.82211064978557 1.08054933936528
Al 0.55520178506495 0.94624261363588 0.30325610499075
Al 1.57964239606633 1.81477014667219 1.16447975553254
Al 1.27033446604221 1.75356549250360 0.55764891269303
Al 1.67447669658467 1.11541201028311 0.67147169378691
Al 1.59854182818960 1.66974469588345 1.38652853052387
Al 1.89610546290859 1.68880043022409 1.44375396725931
Al 0.33434224089947 1.50177162873365 0.29745211164358
Al 0.87899112338267 1.82113479870543 0.24763492463447
Al 0.73160563314915 1.10131830213945 1.05551442685134
Al 0.68641460678151 1.49448892645005 1.02103587774202
Al 1.32461373982516 1.63728705574115 0.44847230575978
Al 1.27996044472532 1.58913679797061 1.14895519710017
Al 1.28851832081225 1.08885397849081 0.71885940298337
Al 1.06126019292215 1.44525903503204 1.51435703083437
Al 1.43608335716065 0.92242110943229 1.62712822397567
Al 1.74752639180443 0.57898176176748 0.64078490339185
Al 1.66129180238173 0.72262678673056 0.20752814844595
Al 1.10047273946152 0.60484570560016 0.35347031855613
Al 1.66755774701724 0.90346981853456 0.10721009482552
Al 1.44130316655577 1.37367477027444 0.54794437586939
Al 1.66834669839316 1.40539018369108 0.62099163800759
Al 1.17514837710486 1.24823564277371 0.77714632655748
Al 1.06384674652618 1.51931398329548 0.43096201704111
Al 1.05478186943639 0.80055357597469 1.05133536933656
Al 1.36421057837225 0.81785096696928 0.97927858342097
Al 1.03659313017213 0.85937595567900 0.26209816615505
Al 1.23752473122007 0.95429614944783 1.02270189004406
Al 1.15987443818200 0.78489611228927 0.95966816916901
Al 1.67977943010305 1.42958582199730 0.78256373662577
Al 1.65971121194579 0.85777513667999 0.62662637712769
Al 0.59001324586936 1.41599356392591 0.36846325426075
Al 0.73011366786914 1.34590142984188 0.99304019777532
Al 1.44852715704095 0.93059827805006 0.24963891274680
Al 1.07039943551455 1.53227895232666 1.01329267201429
Al 1.30017553747483 0.93067808493684 0.68982872644459
Al 1.79192592361550 1.09057119240197 0.48013514124965
Al 0.67845221739380 1.49007366011375 0.33990299441604
Al 1.13735601515753 1.73454344545722 0.31801051531888
Al 0.91628288201733 1.58704898116875 0.57541070137744
Al 0.87977258952953 0.99021479618022 0.55753381310070
Al 0.91558650843971 1.74201174807713 0.55319104316745
Al 0.98789852405613 1.18509669250810 0.59606624767908
Al 1.75770448779049 1.66462614746272 1.42020707175985
Al 1.63956968524708 1.06881107283942 0.14155954526549
Al 0.98423138767870 1.18865083934448 0.35836566048984
Al 1.58955050793721 1.19377505815887 0.84829336722640
Al 1.18455560569339 0.95959132582368 0.13929227071656
Al 1.73733167652334 1.29071732431683 0.16509944063453
Al 1.58802115121204 1.11100262092268 0.40709095044762
Al 1.13634125355392 1.80532327925478 0.20369898522587
Al 1.17456471834069 1.11114456709287 0.66567785682832
Al 1.08610891954828 1.79509082746462 0.80061851689761
Al 1.09210358368896 1.64445006094607 0.37110576309369
Al 1.42301000479160 1.68548030441838 0.76763015835429
Al 1.17490406107280 1.02513346745473 0.16111112508925
Al 0.76510075359478 1.25391746040189 0.90991625585688
Al 1.52635610726244 1.82426294235670 0.82741518748382
Al 1.14551167775148 1.83185930519258 0.84974134440617
Al 1.67850014080328 1.55802476165120 0.54533126197838
Al 1.31092234358554 1.50826977827517 0.16835105143157
Al 1.02157512492322 1.19947118480621 0.72541264955313
Al 0.76745775787491 1.42555469333815 0.12916320680296
Al 1.03147476460558 1.07354438933566 0.27187268445564
Al 1.32668350758180 1.65600920309687 0.22951591394708
Al 1.10192354733923 0.96051315809037 0.40082269245126
%END BLOCK POSITIONS_FRAC
%BLOCK ION_OPTIMIZATION
0 0 0
0 0 0
0 0 0
0 0 0
0 0 0
0 0 0
0 0 0
0 0 0
1 1 1
1 1 1
0 0 0
1 1 1
0 0 0
0 0 0
0 0 0
0 0 0
0 0 0
0 0 0
0 0 0
0 0 0
1 1 1
1 1 1
1 1 1
1 1 1
0 0 0
1 1 1
1 1 1
1 1 1
0 0 0
1 1 1
1 1 1
0 0 0
1 1 1
0 0 0
0 0 0
0 0 0
0 0 0
0 0 0
0 0 0
0 0 0
0 0 0
0 0 0
0 0 0
1 1 1
1 1 1
1 1 1
1 1 1
1 1 1
1 1 1
0 0 0
1 1 1
1 1 1
1 1 1
1 1 1
1 1 1
0 0 0
1 1 1
1 1 1
1 1 1
1 1 1
0 0 0
1 1 1
1 1 1
1 1 1
0 0 0
1 1 1
1 1 1
0 0 0
1 1 1
0 0 0
0 0 0
0 0 0
0 0 0
0 0 0
0 0 0
0 0 0
0 0 0
0 0 0
0 0 0
0 0 0
0 0 0
1 1 1
1 1 1
1 1 1
1 1 1
1 1 1
1 1 1
1 1 1
1 1 1
0 0 0
1 1 1
1 1 1
1 1 1
1 1 1
1 1 1
1 1 1
1 1 1
0 0 0
1 1 1
1 1 1
1 1 1
1 1 1
1 1 1
1 1 1
0 0 0
1 1 1
1 1 1
1 1 1
1 1 1
1 1 1
0 0 0
1 1 1
1 1 1
1 1 1
1 1 1
0 0 0
1 1 1
1 1 1
1 1 1
0 0 0
1 1 1
1 1 1
0 0 0
1 1 1
0 0 0
0 0 0
0 0 0
0 0 0
0 0 0
0 0 0
0 0 0
0 0 0
0 0 0
0 0 0
0 0 0
0 0 0
0 0 0
0 0 0
1 1 1
1 1 1
1 1 1
1 1 1
1 1 1
1 1 1
1 1 1
1 1 1
1 1 1
1 1 1
0 0 0
1 1 1
1 1 1
1 1 1
1 1 1
1 1 1
1 1 1
1 1 1
1 1 1
1 1 1
0 0 0
1 1 1
1 1 1
1 1 1
1 1 1
1 1 1
1 1 1
1 1 1
1 1 1
0 0 0
1 1 1
1 1 1
1 1 1
1 1 1
1 1 1
1 1 1
1 1 1
0 0 0
1 1 1
1 1 1
1 1 1
1 1 1
1 1 1
1 1 1
0 0 0
1 1 1
1 1 1
1 1 1
1 1 1
1 1 1
0 0 0
1 1 1
1 1 1
1 1 1
1 1 1
0 0 0
1 1 1
1 1 1
1 1 1
0 0 0
1 1 1
1 1 1
0 0 0
1 1 1
0 0 0
0 0 0
0 0 0
0 0 0
0 0 0
0 0 0
0 0 0
0 0 0
0 0 0
0 0 0
0 0 0
0 0 0
1 1 1
1 1 1
1 1 1
1 1 1
1 1 1
1 1 1
1 1 1
1 1 1
1 1 1
1 1 1
0 0 0
1 1 1
1 1 1
1 1 1
1 1 1
1 1 1
1 1 1
1 1 1
1 1 1
1 1 1
1 1 1
1 1 1
0 0 0
1 1 1
1 1 1
1 1 1
1 1 1
1 1 1
1 1 1
1 1 1
1 1 1
1 1 1
1 1 1
0 0 0
1 1 1
1 1 1
1 1 1
1 1 1
1 1 1
1 1 1
1 1 1
1 1 1
1 1 1
0 0 0
1 1 1
1 1 1
1 1 1
1 1 1
1 1 1
1 1 1
1 1 1
1 1 1
0 0 0
1 1 1
1 1 1
1 1 1
1 1 1
1 1 1
1 1 1
1 1 1
0 0 0
1 1 1
1 1 1
1 1 1
1 1 1
1 1 1
1 1 1
0 0 0
1 1 1
1 1 1
1 1 1
1 1 1
1 1 1
0 0 0
1 1 1
1 1 1
1 1 1
1 1 1
0 0 0
1 1 1
1 1 1
1 1 1
0 0 0
1 1 1
1 1 1
0 0 0
0 0 0
0 0 0
0 0 0
0 0 0
0 0 0
0 0 0
0 0 0
0 0 0
1 1 1
1 1 1
1 1 1
1 1 1
1 1 1
1 1 1
1 1 1
1 1 1
0 0 0
1 1 1
1 1 1
1 1 1
1 1 1
1 1 1
1 1 1
1 1 1
1 1 1
1 1 1
0 0 0
1 1 1
1 1 1
1 1 1
1 1 1
1 1 1
1 1 1
1 1 1
1 1 1
1 1 1
1 1 1
0 0 0
1 1 1
1 1 1
1 1 1
1 1 1
1 1 1
1 1 1
1 1 1
1 1 1
1 1 1
1 1 1
1 1 1
0 0 0
1 1 1
1 1 1
1 1 1
1 1 1
1 1 1
1 1 1
1 1 1
1 1 1
1 1 1
1 1 1
0 0 0
1 1 1
1 1 1
1 1 1
1 1 1
1 1 1
1 1 1
1 1 1
1 1 1
1 1 1
0 0 0
1 1 1
1 1 1
1 1 1
1 1 1
1 1 1
1 1 1
1 1 1
1 1 1
0 0 0
1 1 1
1 1 1
1 1 1
1 1 1
1 1 1
1 1 1
1 1 1
0 0 0
1 1 1
1 1 1
1 1 1
1 1 1
1 1 1
1 1 1
0 0 0
1 1 1
1 1 1
1 1 1
1 1 1
1 1 1
0 0 0
1 1 1
1 1 1
1 1 1
1 1 1
0 0 0
0 0 0
0 0 0
0 0 0
0 0 0
0 0 0
0 0 0
1 1 1
1 1 1
1 1 1
1 1 1
1 1 1
1 1 1
0 0 0
1 1 1
1 1 1
1 1 1
1 1 1
1 1 1
1 1 1
1 1 1
0 0 0
1 1 1
1 1 1
1 1 1
1 1 1
1 1 1
1 1 1
1 1 1
1 1 1
0 0 0
1 1 1
1 1 1
1 1 1
1 1 1
1 1 1
1 1 1
1 1 1
1 1 1
1 1 1
0 0 0
1 1 1
1 1 1
1 1 1
1 1 1
1 1 1
1 1 1
1 1 1
1 1 1
1 1 1
1 1 1
0 0 0
1 1 1
1 1 1
1 1 1
1 1 1
1 1 1
1 1 1
1 1 1
1 1 1
1 1 1
1 1 1
0 0 0
1 1 1
1 1 1
1 1 1
1 1 1
1 1 1
1 1 1
1 1 1
1 1 1
1 1 1
1 1 1
0 0 0
1 1 1
1 1 1
1 1 1
1 1 1
1 1 1
1 1 1
1 1 1
1 1 1
1 1 1
0 0 0
1 1 1
1 1 1
1 1 1
1 1 1
1 1 1
1 1 1
1 1 1
1 1 1
0 0 0
1 1 1
1 1 1
1 1 1
1 1 1
1 1 1
1 1 1
1 1 1
0 0 0
1 1 1
1 1 1
1 1 1
1 1 1
1 1 1
1 1 1
0 0 0
0 0 0
0 0 0
0 0 0
0 0 0
1 1 1
1 1 1
1 1 1
1 1 1
0 0 0
1 1 1
1 1 1
1 1 1
1 1 1
1 1 1
0 0 0
1 1 1
1 1 1
1 1 1
1 1 1
1 1 1
1 1 1
0 0 0
1 1 1
1 1 1
1 1 1
1 1 1
1 1 1
1 1 1
1 1 1
0 0 0
1 1 1
1 1 1
1 1 1
1 1 1
1 1 1
1 1 1
1 1 1
1 1 1
0 0 0
1 1 1
1 1 1
1 1 1
1 1 1
1 1 1
1 1 1
1 1 1
1 1 1
1 1 1
0 0 0
1 1 1
1 1 1
1 1 1
1 1 1
1 1 1
1 1 1
1 1 1
1 1 1
1 1 1
1 1 1
0 0 0
1 1 1
1 1 1
1 1 1
1 1 1
1 1 1
1 1 1
1 1 1
1 1 1
1 1 1
1 1 1
1 1 1
0 0 0
1 1 1
1 1 1
1 1 1
1 1 1
1 1 1
1 1 1
1 1 1
1 1 1
1 1 1
1 1 1
0 0 0
1 1 1
1 1 1
1 1 1
1 1 1
1 1 1
1 1 1
1 1 1
1 1 1
1 1 1
0 0 0
1 1 1
1 1 1
1 1 1
1 1 1
1 1 1
1 1 1
1 1 1
1 1 1
0 0 0
0 0 0
0 0 0
1 1 1
1 1 1
0 0 0
1 1 1
1 1 1
1 1 1
0 0 0
1 1 1
1 1 1
1 1 1
1 1 1
0 0 0
1 1 1
1 1 1
1 1 1
1 1 1
1 1 1
0 0 0
1 1 1
1 1 1
1 1 1
1 1 1
1 1 1
1 1 1
0 0 0
1 1 1
1 1 1
1 1 1
1 1 1
1 1 1
1 1 1
1 1 1
0 0 0
1 1 1
1 1 1
1 1 1
1 1 1
1 1 1
1 1 1
1 1 1
1 1 1
0 0 0
1 1 1
1 1 1
1 1 1
1 1 1
1 1 1
1 1 1
1 1 1
1 1 1
1 1 1
0 0 0
1 1 1
1 1 1
1 1 1
1 1 1
1 1 1
1 1 1
1 1 1
1 1 1
1 1 1
1 1 1
0 0 0
1 1 1
1 1 1
1 1 1
1 1 1
1 1 1
1 1 1
1 1 1
1 1 1
1 1 1
1 1 1
1 1 1
0 0 0
1 1 1
1 1 1
1 1 1
1 1 1
1 1 1
1 1 1
1 1 1
1 1 1
1 1 1
1 1 1
0 0 0
0 0 0
1 1 1
0 0 0
1 1 1
1 1 1
0 0 0
1 1 1
1 1 1
1 1 1
0 0 0
1 1 1
1 1 1
1 1 1
1 1 1
0 0 0
1 1 1
1 1 1
1 1 1
1 1 1
1 1 1
0 0 0
1 1 1
1 1 1
1 1 1
1 1 1
1 1 1
1 1 1
0 0 0
1 1 1
1 1 1
1 1 1
1 1 1
1 1 1
1 1 1
1 1 1
0 0 0
1 1 1
1 1 1
1 1 1
1 1 1
1 1 1
1 1 1
1 1 1
1 1 1
0 0 0
1 1 1
1 1 1
1 1 1
1 1 1
1 1 1
1 1 1
1 1 1
1 1 1
1 1 1
0 0 0
1 1 1
1 1 1
1 1 1
1 1 1
1 1 1
1 1 1
1 1 1
1 1 1
1 1 1
1 1 1
0 0 0
0 0 0
1 1 1
0 0 0
1 1 1
1 1 1
0 0 0
1 1 1
1 1 1
1 1 1
0 0 0
1 1 1
1 1 1
1 1 1
1 1 1
0 0 0
1 1 1
1 1 1
1 1 1
1 1 1
1 1 1
0 0 0
1 1 1
1 1 1
1 1 1
1 1 1
1 1 1
1 1 1
0 0 0
1 1 1
1 1 1
1 1 1
1 1 1
1 1 1
1 1 1
1 1 1
0 0 0
1 1 1
1 1 1
1 1 1
1 1 1
1 1 1
1 1 1
1 1 1
1 1 1
0 0 0
0 0 0
1 1 1
0 0 0
1 1 1
1 1 1
0 0 0
1 1 1
1 1 1
1 1 1
0 0 0
1 1 1
1 1 1
1 1 1
1 1 1
0 0 0
1 1 1
1 1 1
1 1 1
1 1 1
1 1 1
0 0 0
1 1 1
1 1 1
1 1 1
1 1 1
1 1 1
1 1 1
0 0 0
0 0 0
1 1 1
0 0 0
1 1 1
1 1 1
0 0 0
1 1 1
1 1 1
1 1 1
0 0 0
1 1 1
1 1 1
1 1 1
1 1 1
0 0 0
0 0 0
1 1 1
0 0 0
1 1 1
1 1 1
0 0 0
%END BLOCK ION_OPTIMIZATION
%BLOCK SPECIES_POT
 Al Al_rs.recpot
%END BLOCK SPECIES_POT
