[[ 1.03082465  0.93273676  1.62572091 ...,  0.92370316  1.65273565
   0.46368714]
 [ 0.93273676  1.51397475  1.39602129 ...,  1.10121788  0.91002692
   1.11647403]
 [ 1.62572091  1.39602129  1.68444665 ...,  1.0038294   1.58986613
   0.60619952]
 ..., 
 [ 0.92370316  1.10121788  1.0038294  ...,  1.36626006  1.05017373
   1.20701024]
 [ 1.65273565  0.91002692  1.58986613 ...,  1.05017373  1.0688046
   0.56737052]
 [ 0.46368714  1.11647403  0.60619952 ...,  1.20701024  0.56737052
   1.14429505]]