0
0
0
0
0
0
0
0
0
0
0
0
0
0
0
0
0
0
0
0
0
0
0
0
0
0
0
0
0
0
0
0
0
0
0
0
0
0
0
0
0
0
0
0
0
0
0
0
0
0
0
0
0
0
0
0
0
0
0
0
0
0
0
0
0
0
0
0
0
0
0
0
0
0
0
0
0
0
0
0
0
0
0
0
0
0
0
0
0
0
0
0
0
0
0
0
0
0
0
0
0
0
0
0
0
0
0
0
0
0
0
0
0
0
0
0
0
0
0
0
6.61693e-014
3.19605e-014
-5.4956e-014
4.19526e-014
1.351e-014
3.87607e-014
4.6671e-014
-1.30278e-013
-2.56045e-015
1.47923e-013
-1.79377e-013
1.89231e-013
-1.47819e-013
2.11567e-014
-6.075e-014
2.22128e-013
-1.83888e-013
-6.82787e-015
-1.33907e-013
1.98543e-013
-1.9857e-013
1.34018e-013
6.7446e-015
1.8386e-013
-2.23072e-013
9.36681e-014
1.31339e-013
-7.55437e-014
-4.01304e-013
-7.52592e-014
-4.19983e-013
8.74856e-014
6.22002e-014
4.67064e-013
-1.35447e-014
9.68461e-014
6.0154e-013
-2.98324e-013
-3.80626e-013
-1.74936e-013
2.95874e-014
-4.40759e-014
-2.03726e-014
-2.29539e-014
1.37529e-014
-2.94903e-015
5.24442e-014
-2.26277e-014
-1.10661e-013
6.18602e-014
5.36793e-014
-3.97737e-014
-3.55271e-015
2.47163e-014
-2.3842e-014
-4.33958e-014
9.51114e-014
-1.07483e-014
-3.18079e-014
-5.95635e-014
5.95912e-014
8.22536e-014
-5.22152e-014
-8.90468e-014
2.04253e-013
-1.17198e-014
-1.3714e-013
7.59254e-014
3.10862e-014
-1.73916e-013
-1.75526e-013
-7.64666e-015
1.65083e-013
6.984e-014
7.38298e-015
1.86004e-013
-3.54543e-013
1.8395e-014
3.33462e-013
-1.21063e-013
0
1.21118e-013
-3.33317e-013
-1.81452e-014
3.54466e-013
-1.86143e-013
-7.49401e-015
-6.98122e-014
-1.65527e-013
6.32827e-015
2.52104e-013
2.91621e-013
-2.15772e-013
-3.062e-013
-9.19403e-014
2.54859e-013
2.4479e-013
-4.81795e-013
2.85841e-013
-2.64969e-013
5.34878e-013
1.95025e-013
-6.55864e-014
-1.08663e-013
1.83485e-013
-6.17596e-013
-4.86278e-013
7.36064e-013
-3.16566e-013
3.65014e-013
-5.05262e-013
-1.99007e-013
3.47083e-013
5.02542e-013
-8.23945e-013
-5.06387e-013
7.77566e-013
5.15449e-013
-2.5846e-013
1.56319e-013
8.48766e-014
7.88258e-014
2.31482e-014
2.94903e-014
2.31759e-014
-1.03251e-014
1.1921e-014
-3.68594e-014
-1.36904e-014
9.07607e-015
-4.92661e-015
-8.51541e-014
5.10703e-015
3.89133e-014
-6.69881e-014
8.97893e-014
5.3707e-014
6.90281e-014
-2.06848e-014
1.08219e-013
-5.24719e-014
-1.48298e-013
-8.4488e-014
2.04586e-013
-3.95031e-014
-3.96072e-014
-3.1343e-014
6.55032e-015
9.42232e-014
7.96863e-014
1.15088e-013
-8.95395e-014
-1.87676e-013
2.08417e-013
1.71189e-013
-2.57822e-013
-9.43967e-014
-1.32588e-013
1.58165e-013
-1.15408e-013
-5.55112e-017
1.15269e-013
-1.58415e-013
1.32533e-013
9.42302e-014
2.57905e-013
-1.71134e-013
-2.08555e-013
1.87815e-013
8.9706e-014
-1.15193e-013
-1.29702e-013
-8.57994e-014
2.30593e-013
1.78885e-014
6.71685e-015
2.3094e-013
-3.90465e-013
-5.84602e-014
7.78266e-014
3.27856e-013
-4.68486e-013
-3.78017e-013
6.4368e-013
4.15834e-013
-9.24261e-014
-2.02463e-013
-4.092e-013
1.32581e-013
5.19196e-013
-3.62328e-013
-5.92748e-013
4.86111e-013
-3.02092e-013
8.75064e-014
-4.44922e-013
2.17291e-013
7.26891e-013
-5.7325e-013
-2.49439e-013
1.84214e-013
4.28546e-014
1.36002e-014
-1.17822e-014
-4.64837e-014
2.90046e-014
1.86517e-014
2.62984e-015
3.12944e-014
9.2433e-014
3.38618e-015
1.20459e-014
5.09939e-014
-8.63198e-014
-5.41858e-014
6.18811e-014
-1.71835e-013
1.90264e-013
1.97134e-013
-1.61385e-013
-1.09093e-013
-9.18501e-014
-3.48818e-014
1.19051e-013
-1.38563e-013
1.0332e-013
1.60642e-013
-2.25923e-013
-2.00569e-013
1.96787e-013
2.08389e-013
3.17732e-014
-2.68792e-013
-1.37321e-014
6.94653e-014
-1.86788e-013
2.43382e-013
-1.73611e-013
1.05874e-013
5.60663e-014
-2.77556e-017
-5.63161e-014
-1.05776e-013
1.74159e-013
-2.43368e-013
1.86455e-013
-6.90628e-014
1.36766e-014
2.68445e-013
-3.13638e-014
-1.47035e-013
-1.82396e-013
1.04222e-014
2.19019e-013
1.17448e-013
-3.51233e-013
2.84772e-014
3.65111e-013
9.08093e-014
1.07477e-013
-2.97588e-013
4.09166e-013
2.52451e-013
-6.03906e-013
-7.17273e-014
8.91648e-015
-6.71567e-013
5.96981e-013
6.3425e-013
-4.65121e-013
1.46619e-014
2.24917e-013
2.95514e-013
-2.47892e-013
-3.55618e-014
4.18145e-013
-3.33504e-013
1.90632e-013
-3.75505e-013
-2.32168e-013
-1.70419e-014
-9.11493e-014
3.53051e-014
2.362e-014
8.19483e-015
-5.89806e-015
-1.21222e-014
2.07473e-015
-5.72875e-014
-5.84116e-014
9.99201e-015
-9.55486e-015
-4.05093e-014
5.92512e-014
-2.7936e-014
-3.82611e-014
1.25941e-014
6.22419e-015
-1.03251e-013
1.35177e-013
5.48173e-014
-1.69094e-013
9.2551e-014
1.19314e-013
-5.66908e-014
-8.86236e-014
6.17353e-014
-2.27596e-015
9.57567e-015
-2.53915e-013
1.64452e-013
1.29473e-013
-2.24328e-013
-1.70308e-013
1.99181e-013
2.80539e-013
1.82791e-013
-4.00152e-013
1.90979e-013
1.45377e-013
-1.52656e-015
-4.81212e-014
-1.10634e-013
-1.3143e-013
-9.13644e-014
-1.81841e-013
-1.34157e-013
2.85535e-013
1.90362e-013
-1.06186e-013
-3.30069e-013
2.87062e-013
1.26871e-013
-2.12289e-013
-1.90195e-013
4.44089e-014
1.70461e-013
1.84928e-013
-6.80289e-014
-2.8428e-013
7.44405e-014
-4.15334e-013
4.63601e-013
3.15303e-014
-4.66037e-013
3.55924e-013
3.63765e-013
2.69833e-013
-7.62834e-013
-2.0102e-013
6.22807e-013
-5.01342e-013
2.48079e-013
3.99798e-013
-2.58134e-013
-6.42382e-013
2.49877e-013
3.9177e-013
-2.01145e-013
1.84242e-013
-1.61871e-013
1.22125e-014
-4.17999e-014
4.03844e-014
2.1351e-014
-9.99201e-016
5.19654e-014
3.57214e-014
1.00198e-014
-5.27356e-014
-5.34434e-014
4.26881e-014
1.351e-014
-2.96707e-014
-2.87895e-014
5.36793e-014
-3.32373e-015
9.9698e-014
-1.06581e-013
-1.5668e-013
-1.26177e-013
1.57402e-013
1.7257e-013
-6.10068e-014
-5.3034e-014
9.76719e-014
3.75464e-014
6.98885e-014
-1.32318e-013
-1.18738e-013
2.26916e-013
2.11747e-013
-3.58186e-014
-2.54657e-014
-1.97021e-013
-5.67046e-014
-7.43156e-015
-2.04059e-013
1.71585e-013
1.51823e-013
-1.88738e-015
-1.52198e-013
-8.4821e-014
2.0367e-013
9.1524e-014
1.16324e-013
1.03105e-013
-1.89182e-013
1.38424e-013
-1.64785e-013
-9.67421e-014
1.10689e-013
-2.66086e-013
1.9848e-013
5.81826e-014
2.28456e-013
-1.92381e-013
-6.29136e-013
4.51542e-013
5.72514e-013
-7.66817e-014
-1.60288e-013
2.05488e-013
1.22152e-013
-3.54966e-013
4.63241e-014
4.14321e-014
3.68983e-013
-4.57134e-013
-3.44863e-013
4.38816e-014
-2.07889e-014
3.88148e-013
4.9849e-014
-4.00679e-013
1.96176e-013
1.94143e-013
-5.6366e-013
3.96898e-013
-8.26006e-014
1.58207e-015
3.46057e-013
-3.13083e-014
2.02477e-014
-1.77983e-014
-3.44655e-014
3.73659e-014
-2.01922e-014
-4.87665e-014
7.12902e-014
-3.2821e-014
-1.21847e-014
3.09128e-014
1.0679e-014
-2.96985e-015
8.33014e-014
1.85199e-014
-1.69149e-013
5.69544e-014
-2.32384e-014
1.66978e-013
-1.10169e-013
-7.57519e-014
2.50355e-014
-1.43136e-013
1.38771e-013
7.02355e-014
-4.60049e-015
-1.39264e-013
-3.12896e-013
1.66582e-013
2.75752e-014
-3.22818e-013
2.02561e-013
4.04433e-013
-3.89272e-013
2.44596e-014
-9.40914e-014
2.09686e-013
1.68032e-013
-7.07767e-016
-7.82985e-014
-1.26107e-013
5.65381e-014
-1.40506e-013
2.13579e-013
-2.83377e-013
-2.69729e-013
2.27846e-013
-2.51049e-014
-1.2234e-013
4.01519e-013
1.20154e-013
-5.00815e-013
-1.27016e-013
4.72559e-013
1.68893e-013
-8.38406e-013
8.23855e-014
5.94726e-013
-1.60247e-013
1.01009e-013
-5.45695e-013
-1.61919e-013
6.69506e-013
-1.42823e-013
-4.32543e-013
3.53273e-013
3.64847e-013
-2.00499e-013
-2.03428e-013
1.27433e-013
4.51902e-013
1.90209e-013
-3.56992e-013
-3.75373e-013
-1.4061e-013
4.45616e-014
5.47007e-013
-6.69846e-013
2.06501e-014
8.10463e-014
2.50355e-014
1.04278e-013
-9.4369e-016
-5.3714e-014
-4.63102e-014
3.26822e-015
7.87426e-014
-2.86923e-014
-3.69427e-014
7.52384e-014
-8.45018e-014
-2.82344e-014
1.05957e-013
4.97657e-014
2.4418e-014
-1.30139e-013
1.22374e-013
1.06706e-013
-5.10147e-014
-1.08573e-013
4.89053e-014
-3.67414e-014
-8.14904e-014
2.32883e-013
7.67927e-014
-2.87097e-013
2.33147e-015
2.31086e-013
1.19349e-013
3.7581e-014
1.55917e-014
-3.0987e-013
2.41973e-013
-2.54449e-013
-1.62648e-014
3.84179e-013
-1.706e-013
5.23331e-014
9.19403e-014
3.23699e-014
1.38778e-017
-1.0543e-013
-5.2125e-014
3.4063e-013
4.06869e-013
1.13687e-013
-2.55421e-013
-3.3501e-014
-2.35784e-013
-2.67043e-013
2.66676e-013
2.57371e-013
1.27925e-013
-1.97731e-013
1.18551e-013
7.75213e-014
-3.3195e-013
3.32373e-015
8.39051e-014
2.33348e-013
-1.28647e-013
7.48221e-014
1.46529e-013
-1.07227e-013
-7.59004e-013
3.29556e-013
4.55573e-013
-5.56132e-013
3.43059e-013
6.67966e-013
-3.4886e-013
-2.50806e-013
-3.77837e-013
1.84533e-013
1.59872e-013
2.62734e-013
3.48471e-013
-6.80046e-013
-1.50491e-013
-2.76779e-013
1.18794e-013
-1.12924e-013
-6.20684e-014
1.45217e-013
9.96425e-015
-1.33199e-013
1.18655e-015
1.45384e-013
-2.85189e-015
-3.53051e-014
-1.16206e-013
-4.77396e-015
-1.8055e-014
6.48093e-014
1.49658e-013
-1.46577e-013
2.44457e-014
-3.50553e-014
-7.84997e-014
7.68552e-014
7.91728e-015
2.80609e-014
2.59445e-014
-1.32616e-013
-2.22704e-013
-4.78784e-014
3.28251e-013
3.22964e-013
-3.84644e-013
-2.12858e-013
1.08828e-013
3.49026e-013
2.01915e-013
-3.6432e-013
5.8481e-014
-2.50716e-013
-5.9143e-013
7.46389e-013
-3.31735e-013
3.33261e-013
-5.71626e-013
-7.49401e-015
6.90142e-014
2.1072e-013
-4.8149e-014
-2.62651e-013
-9.25857e-014
2.11414e-013
3.84227e-013
-3.24907e-013
-2.33223e-013
1.05249e-013
4.31599e-015
3.13138e-013
-2.97588e-013
-4.62214e-013
3.65021e-013
3.47e-013
-8.63615e-014
3.20605e-013
-4.38885e-013
2.1233e-013
-1.64063e-013
1.18461e-013
6.09929e-014
-1.45495e-013
2.72199e-013
1.22291e-013
-5.0554e-013
1.09024e-013
1.74319e-013
2.53908e-013
-5.50185e-014
-4.1564e-013
-2.54068e-013
3.71703e-013
4.18623e-013
3.55771e-013
-1.22125e-015
-2.01505e-014
-1.89571e-014
3.17524e-014
-5.86753e-014
2.4189e-014
5.58442e-014
-5.26246e-014
1.80272e-014
-2.62845e-014
5.73569e-014
4.52277e-014
-4.91274e-014
3.06144e-014
1.21569e-014
-2.01839e-013
1.43219e-013
5.88418e-015
-0.0560042
-0.154138
-4.74555e-013
0.154138
0.0560042
-4.55191e-015
-1.43718e-013
2.01394e-013
6.27831e-014
-2.34882e-013
2.36686e-013
-4.46962e-013
3.35357e-013
-2.17826e-013
-7.38298e-014
2.43278e-014
-2.54102e-014
-2.16716e-013
1.85726e-013
-2.49092e-013
2.23169e-013
-2.16133e-013
0
0
0
0
0
0
0
0
0
0
0
0
0
0
0
0
0
0
0
0
0
0
0
0
0
0
0
0
0
0
0
0
0
0
0
0
0
0
0
0
0
0
0
0
0
0
0
0
0
0
0
0
0
0
0
0
0
0
0
0
0
0
0
0
0
0
0
0
0
0
0
0
0
0
0
0
0
0
0
0
0
0
0
0
0
0
0
0
0
0
0
0
0
0
0
0
0
0
0
0
0
0
0
0
0
0
0
0
0
0
0
0
0
0
0
0
0
0
0
0
2.41474e-014
-1.14021e-014
-4.5991e-014
3.72341e-014
-5.60524e-014
-2.31759e-015
4.75592e-014
-2.60209e-014
3.84554e-014
9.60343e-015
-1.45856e-014
-7.5065e-014
-4.98213e-015
-7.58837e-014
1.08247e-015
-1.06123e-013
-2.28983e-014
8.49321e-015
-8.03801e-014
9.97258e-014
9.97258e-014
-8.02414e-014
8.06299e-015
-2.28706e-014
-1.07039e-013
5.88696e-014
-8.78603e-014
-9.70751e-014
-1.79023e-014
-2.92127e-014
4.73788e-014
3.5888e-014
7.64527e-014
-4.63102e-014
-3.76643e-014
-9.65755e-014
5.2458e-014
-1.37154e-013
3.74423e-014
2.64094e-014
6.67244e-014
-1.17961e-015
6.25194e-014
-3.02657e-014
-1.8166e-014
2.69507e-014
5.1556e-014
-6.49203e-014
-1.68199e-014
1.30729e-014
2.15244e-014
-4.37289e-014
2.45637e-015
4.9738e-014
-6.83342e-014
6.10623e-016
3.96072e-014
-6.13676e-014
1.42386e-014
1.84713e-014
-7.72576e-014
2.09971e-014
9.69086e-014
1.14075e-014
3.12667e-014
-1.75471e-013
4.11615e-014
6.91391e-014
4.56024e-014
6.53783e-014
1.72362e-014
1.62939e-013
-9.73249e-014
-4.66849e-014
3.66096e-014
-4.72955e-014
3.53328e-014
1.68157e-013
5.38597e-014
-4.44506e-014
-1.20459e-013
-4.47142e-014
5.41511e-014
1.67991e-013
3.55826e-014
-4.6782e-014
3.70259e-014
-4.63102e-014
-9.78939e-014
1.63647e-013
1.64868e-014
-6.10623e-015
1.28342e-013
8.39606e-014
-7.4829e-014
-3.76504e-014
8.7319e-014
1.40957e-013
-4.07729e-014
3.5652e-014
-9.17877e-014
-4.87804e-014
1.46508e-013
-1.50019e-013
8.23369e-014
2.05391e-015
-1.51185e-013
-3.64986e-014
2.04697e-014
-2.07195e-014
1.23776e-013
7.54952e-015
-1.71668e-014
-1.4351e-013
-5.6552e-014
2.36963e-013
-1.15616e-013
-6.43374e-014
7.89924e-014
-2.73115e-014
-5.68434e-014
7.40241e-014
-8.21843e-014
6.91701e-014
2.7478e-014
-6.25888e-014
7.58005e-014
-4.99739e-014
4.49224e-014
-5.17641e-015
4.76841e-014
-3.15858e-014
2.21906e-014
-2.56045e-014
-7.89091e-014
8.21287e-014
-6.48093e-015
-2.24681e-014
4.99184e-014
7.84789e-014
6.20476e-014
-9.26759e-014
-5.17225e-014
8.84848e-014
-3.88439e-014
5.05151e-015
1.13243e-014
6.93889e-015
-1.57013e-013
-2.04559e-014
2.70339e-014
7.44127e-014
-1.14173e-013
1.82909e-014
1.6824e-013
-1.46813e-013
-9.19265e-014
5.71071e-014
-5.94941e-014
-1.48589e-013
9.47992e-014
-1.48395e-013
-5.94663e-014
5.74402e-014
-9.21763e-014
-1.46855e-013
1.68726e-013
1.79162e-014
-1.14783e-013
7.43294e-014
2.84633e-014
2.08028e-014
-2.85216e-013
-4.24938e-014
1.52975e-013
8.05467e-014
-1.31506e-013
5.16392e-014
-1.66533e-016
4.60465e-014
9.39387e-014
-7.22061e-014
-1.65437e-013
1.79731e-013
1.69031e-014
4.2133e-014
2.15328e-013
-1.41123e-013
-1.08441e-013
-1.98869e-014
1.67172e-013
7.5065e-014
8.7319e-014
-7.04992e-015
-6.89865e-014
1.98314e-014
-1.17961e-014
-3.81778e-014
-1.87905e-014
4.72955e-014
1.36835e-014
5.67602e-014
-8.82489e-014
1.01458e-014
-1.03001e-013
1.04222e-013
-3.67623e-014
-2.96985e-014
8.52096e-015
9.72278e-014
-6.38933e-014
1.13215e-013
1.25247e-013
-7.71883e-014
1.69725e-014
4.59355e-015
-9.74221e-014
2.42542e-013
-1.66117e-014
-6.18255e-014
-5.53169e-014
3.84415e-014
-8.06299e-015
-3.98293e-015
-3.07809e-014
6.55032e-014
9.72278e-014
-1.0944e-013
-2.7367e-014
2.37046e-013
-1.12702e-013
1.24109e-013
-5.18752e-014
1.73833e-013
-6.20753e-014
1.95483e-013
1.26982e-014
-8.12822e-014
6.46011e-014
1.4265e-013
1.3485e-013
1.42164e-013
6.48509e-014
-8.05883e-014
1.26565e-014
1.95607e-013
-6.19782e-014
1.72265e-013
-5.24997e-014
1.22624e-013
-1.71807e-014
-1.46799e-013
-2.77695e-014
1.46133e-014
6.07847e-015
-3.70814e-014
-2.04045e-013
-5.91888e-014
5.71349e-014
-4.34375e-014
-3.0323e-014
4.34236e-014
2.49356e-013
2.70881e-013
-2.45137e-013
-1.6008e-013
-8.06299e-014
2.88936e-013
1.50005e-013
-1.23915e-013
-1.64757e-013
7.82013e-014
7.50094e-014
-4.86e-014
-8.24757e-014
-4.13419e-014
1.26357e-013
5.81202e-014
-1.15602e-013
1.31686e-013
2.38698e-015
9.49796e-014
-5.38181e-014
-1.25044e-013
1.80245e-013
-1.02515e-013
3.96905e-015
-1.55015e-014
8.60562e-014
1.3213e-013
-2.65704e-013
1.07275e-013
-1.28161e-013
1.28994e-013
-8.97754e-014
2.33785e-013
-1.34739e-013
4.21885e-014
-1.69822e-013
2.93515e-014
3.78447e-014
-1.2812e-013
-3.6221e-015
6.89171e-014
2.83384e-014
-9.5951e-014
-3.04062e-014
1.69115e-013
-1.43358e-014
-7.44821e-014
-2.00229e-013
6.91947e-014
-2.49745e-013
3.56673e-013
-3.63362e-013
8.74995e-014
2.05391e-014
-1.18155e-013
-6.47538e-014
-2.75474e-014
-8.23785e-014
-2.82413e-014
7.29972e-014
-7.87009e-014
-1.42275e-013
8.91648e-014
-2.58446e-013
-4.09395e-014
-1.02418e-014
-1.54057e-013
6.25194e-014
1.22263e-013
2.08028e-013
-2.83704e-013
1.69725e-014
-2.52715e-014
9.03444e-014
-5.15143e-014
4.73926e-014
3.25989e-014
8.60423e-015
5.7454e-014
-3.71772e-013
-1.23929e-014
-1.17406e-013
2.6544e-013
2.97679e-014
4.82114e-014
-1.14339e-013
2.33508e-013
-1.41984e-013
4.77396e-014
-1.09981e-013
-4.14946e-015
1.72376e-013
-1.12674e-013
-3.98154e-014
-2.24487e-013
-1.05305e-013
1.78468e-013
-1.23124e-013
1.16351e-013
-1.45176e-013
2.40977e-013
-2.3842e-014
-1.78052e-014
3.18634e-014
-1.34448e-013
3.62488e-014
-6.48925e-014
-1.18544e-013
9.36751e-015
1.10384e-013
-7.35523e-016
-2.50272e-013
2.23266e-013
-1.97869e-013
-2.2024e-014
1.89529e-013
-6.7335e-014
-1.49256e-013
1.96607e-013
1.07594e-013
2.52437e-014
-2.98095e-014
-9.99201e-014
-2.55768e-014
1.06484e-013
-4.34375e-014
-8.76382e-014
1.26163e-013
1.31548e-013
-1.30312e-014
-1.41817e-013
-3.38618e-015
8.11157e-014
-7.41213e-014
-1.11952e-013
1.63869e-013
1.42789e-013
-1.40651e-013
1.42164e-013
1.11577e-014
-1.14866e-013
6.52811e-014
1.69198e-013
1.41331e-013
2.02463e-013
-1.72931e-013
-9.34808e-014
-8.58341e-014
-1.04153e-013
3.42226e-014
8.8915e-014
1.33407e-013
-1.32325e-013
1.50324e-013
1.74472e-013
-2.15258e-013
1.45661e-013
-4.32848e-014
7.19008e-014
1.90292e-013
-2.50938e-013
-1.27787e-013
3.45182e-013
-2.43028e-013
-1.63605e-013
1.28023e-013
1.51837e-013
-1.78094e-013
-2.84356e-014
1.28397e-013
-8.31557e-014
-6.76958e-014
4.10505e-014
3.14596e-013
-1.62301e-013
-1.2447e-013
7.92699e-014
-7.43849e-014
-1.47049e-013
-2.91989e-014
1.66796e-013
-1.58457e-013
7.2678e-014
-7.54952e-015
-1.88224e-013
1.31214e-013
-1.28203e-013
8.82489e-014
3.94129e-015
-5.44148e-014
-7.15955e-014
-6.75987e-014
8.82627e-015
-2.3051e-014
2.77556e-014
4.2244e-014
-1.49838e-013
2.21989e-013
-1.55889e-013
-2.17659e-013
8.20594e-014
6.33243e-014
-4.03844e-015
3.3154e-014
-1.58415e-013
-6.88338e-015
9.78384e-015
2.85189e-014
-2.0231e-013
-2.88186e-013
1.68421e-013
3.73312e-013
-3.26475e-013
-3.26128e-015
1.73903e-013
-1.25178e-014
-1.83242e-013
-1.49714e-013
-6.64191e-014
9.69363e-014
-2.25722e-013
1.79412e-013
-2.50869e-013
-1.66533e-013
4.79089e-013
-1.38625e-013
-2.04725e-013
1.01641e-013
-2.8616e-014
1.08982e-013
-1.04625e-013
-6.33799e-014
4.7351e-014
1.17253e-013
1.74361e-013
-2.33813e-013
-1.1563e-013
-1.69642e-013
-1.19418e-013
1.54321e-013
1.77011e-013
-7.76046e-014
-1.77774e-014
-1.45634e-013
-1.43538e-013
-1.13937e-013
-7.97695e-014
7.63556e-014
5.17225e-014
2.06071e-013
-2.88991e-013
8.41965e-014
-6.95277e-015
-2.15467e-013
2.1276e-013
1.6831e-013
-1.36238e-013
1.42941e-013
-3.25448e-013
1.181e-014
3.4975e-013
-2.07973e-013
-5.14866e-014
7.84511e-014
2.21365e-013
1.53391e-013
-2.67633e-013
5.55112e-016
4.44089e-014
-1.94844e-014
2.36561e-013
3.40977e-014
-2.34909e-013
-9.56457e-014
8.37802e-014
1.26649e-013
-3.32886e-013
2.36089e-013
2.49814e-013
-9.25371e-014
-1.51712e-013
6.6766e-014
-4.71845e-015
2.30885e-013
-3.49512e-013
1.15213e-013
1.08982e-013
3.26711e-013
-1.5056e-013
1.16435e-013
-1.20903e-013
-1.78191e-014
-6.34909e-014
-2.0664e-013
1.68754e-014
2.74281e-013
3.74423e-014
-5.11119e-014
-1.63564e-013
4.16334e-014
-2.14287e-013
-1.84019e-014
-2.24779e-013
-8.69582e-014
7.01939e-014
1.00822e-013
-1.50227e-013
3.23297e-013
1.69878e-013
1.62231e-014
-2.80373e-013
3.14984e-013
-5.32074e-014
-1.06068e-013
-3.1837e-013
7.36078e-014
3.56229e-013
1.29438e-013
-2.83717e-013
1.36779e-013
2.27734e-014
-4.16334e-014
-3.43017e-013
5.79398e-014
3.93921e-013
4.42701e-015
1.19127e-013
-1.02945e-013
-4.90774e-013
4.03982e-013
-4.38552e-013
1.11272e-013
3.7928e-014
-1.66631e-013
2.56281e-013
1.23374e-013
-2.71505e-013
3.11806e-013
-1.8735e-014
2.62082e-013
-2.0772e-013
-2.30538e-013
-2.31148e-013
2.0188e-013
-3.21965e-014
-2.98234e-014
-3.92325e-013
4.00319e-013
-3.79113e-013
1.41262e-013
2.34715e-013
-1.50449e-013
-3.98293e-015
1.97717e-013
-1.20168e-013
1.81508e-013
-1.54959e-013
-8.11157e-014
1.22041e-013
-1.87905e-013
2.31482e-014
3.30291e-014
1.44676e-013
-2.34673e-013
3.30486e-013
-1.30951e-013
-3.28904e-015
-7.77434e-014
-2.67564e-014
-2.2754e-013
-2.11664e-013
6.44748e-013
-4.87804e-013
2.85758e-013
2.83384e-014
-5.60746e-013
5.94193e-013
3.82888e-014
-3.39676e-013
3.49956e-013
5.99881e-013
4.93536e-013
-2.66495e-013
-7.19841e-014
-3.95239e-014
-2.29219e-013
-2.72699e-014
-7.79238e-014
-3.48332e-015
-1.28869e-013
3.13929e-013
-2.31329e-013
9.71584e-014
9.00113e-014
1.83173e-013
-3.53939e-013
-8.00748e-014
-2.08167e-014
-9.97674e-014
1.8234e-013
-7.09155e-014
1.93207e-013
2.74364e-014
-4.43395e-014
2.27998e-013
3.88023e-014
-4.35416e-013
5.07205e-013
-1.57666e-013
2.33841e-014
1.16018e-013
5.03889e-013
-1.2762e-013
-3.18065e-013
1.3628e-013
1.22638e-013
-1.48381e-013
-4.01068e-014
-3.19467e-014
2.50207e-013
-5.75957e-014
2.20319e-013
8.93267e-014
3.76405e-014
-4.82199e-014
-8.64393e-014
-1.42525e-014
1.03253e-013
-4.64624e-015
-3.14575e-014
-2.42983e-014
3.64626e-014
-1.89432e-015
4.76147e-014
1.25733e-013
-0.130514
-0.751076
-0.896339
-0.751076
-0.130514
1.22641e-013
4.6929e-014
-1.9598e-015
3.87572e-014
-2.02713e-014
-8.20197e-014
1.40103e-013
1.07956e-013
-6.27035e-014
-8.76491e-014
-9.96248e-014
6.01904e-014
1.0984e-013
-1.16653e-013
-1.31802e-013
3.43002e-014
-5.3707e-014
0
0
0
0
0
0
0
0
0
0
0
0
0
0
0
0
0
0
0
0
0
0
0
0
0
0
0
0
0
0
0
0
0
0
0
0
0
0
0
0
0
0
0
0
0
0
0
0
0
0
0
0
0
0
0
0
0
0
0
0
0
0
0
0
0
0
0
0
0
0
0
0
0
0
0
0
0
0
0
0
0
0
0
0
0
0
0
0
0
0
0
0
0
0
0
0
0
0
0
0
0
0
0
0
0
0
0
0
0
0
0
0
0
0
0
0
0
0
0
0
0
0
0
0
0
0
0
0
0
0
0
0
0
0
0
0
0
0
0
0
0
0
0
0
0
0
0
0
0
0
0
0
0
0
0
0
0
0
0
0
0
0
0
0
0
0
0
0
0
0
0
0
0
0
0
0
0
0
0
0
0
0
0
0
0
0
0
0
0
0
0
0
0
0
0
0
0
0
0
0
0
0
0
0
0
0
0
0
0
0
0
0
0
0
0
0
0
0
0
0
0
0
0
0
0
0
0
0
0
0
0
0
0
0
0
0
0
0
0
0
0
0
0
0
0
0
0
0
0
0
0
0
0
0
0
0
0
0
0
0
0
0
0
0
0
0
0
0
0
0
0
0
0
0
0
0
0
0
0
0
0
0
0
0
0
0
0
0
0
0
0
0
0
0
0
0
0
0
0
0
0
0
0
0
0
0
0
0
0
0
0
0
0
0
0
0
0
0
0
0
0
0
0
0
0
0
0
0
0
0
0
0
0
0
0
0
0
0
0
0
0
0
0
0
0
0
0
0
0
0
0
0
0
0
0
0
0
0
0
0
0
0
0
0
0
0
0
0
0
0
0
0
0
0
0
0
0
0
0
0
0
0
0
0
0
0
0
0
0
0
0
0
0
0
0
0
0
0
0
0
0
0
0
0
0
0
0
0
0
0
0
0
0
0
0
0
0
0
0
0
0
0
0
0
0
0
0
0
0
0
0
0
0
0
0
0
0
0
0
0
0
0
0
0
0
0
0
0
0
0
0
0
0
0
0
0
0
0
0
0
0
0
0
0
0
0
0
0
0
0
0
0
0
0
0
0
0
0
0
0
0
0
0
0
0
0
0
0
0
0
0
0
0
0
0
0
0
0
0
0
0
0
0
0
0
0
0
0
0
0
0
0
0
0
0
0
0
0
0
0
0
0
0
0
0
0
0
0
0
0
0
0
0
0
0
0
0
0
0
0
0
0
0
0
0
0
0
0
0
0
0
0
0
0
0
0
0
0
0
0
0
0
0
0
0
0
0
0
0
0
0
0
0
0
0
0
0
0
0
0
0
0
0
0
0
0
0
0
0
0
0
0
0
0
0
0
0
0
0
0
0
0
0
0
0
0
0
0
0
0
0
0
0
0
0
0
0
0
0
0
0
0
0
0
0
0
0
0
0
0
0
0
0
0
0
0
0
0
0
0
0
0
0
0
0
0
0
0
0
0
0
0
0
0
0
0
0
0
0
0
0
0
0
0
0
0
0
0
0
0
0
0
0
0
0
0
0
0
0
0
0
0
0
0
0
0
0
0
0
0
0
0
0
0
0
0
0
0
0
0
0
0
0
0
0
0
0
0
0
0
0
0
0
0
0
0
0
0
0
0
0
0
0
0
0
0
0
0
0
0
0
0
0
0
0
0
0
0
0
0
0
0
0
0
0
0
0
0
0
0
0
0
0
0
0
0
0
0
0
0
0
0
0
0
0
0
0
0
0
0
0
0
0
0
0
0
0
0
0
0
0
0
0
0
0
0
0
0
0
0
0
0
0
0
0
0
0
0
0
0
0
0
0
0
0
0
0
0
0
0
0
0
0
0
0
0
0
0
0
0
0
0
0
0
0
0
0
0
0
0
0
0
0
0
0
0
0
0
0
0
