0
0
0
0
0
0
0
0
0
0
0
0
0
0
0
0
0
0
0
0
0
0
0
0
0
0
0
0
0
0
0
0
0
0
0
0
0
0
0
0
0
0
0
0
0
0
0
0
0
0
0
0
0
0
0
0
0
0
0
0
0
0
0
0
0
0
0
0
0
0
0
0
0
0
0
0
0
0
0
0
0
0
0
0
0
0
0
0
0
0
0
0
0
0
0
0
0
0
0
0
0
0
0
0
0
0
0
0
0
0
0
0
0
0
0
0
0
0
0
0
-0.377443
-0.194432
-0.17792
-0.0046307
0.715584
-0.659821
0.245893
0.215315
-0.254675
0.336936
0.205466
-0.012069
-0.125898
0.231995
0.185011
0.126783
-0.753675
1.15915
-0.819491
1.00526
-0.249801
0.0553609
0.389961
-0.370481
0.247399
1.07034
-0.183928
-0.486287
0.357959
-0.28684
-0.81972
0.723938
0.693933
-1.0875
0.699056
-0.342386
0.119846
-0.622236
-0.795883
1.27648
0.0231694
-0.685551
-0.294155
0.649881
0.27915
-0.220623
0.189586
0.389989
-0.177826
-0.60998
0.382435
-0.157912
0.801086
-0.20133
-0.899644
-0.865318
0.353812
1.3659
-0.155948
-0.408144
-0.616256
0.3149
-0.327164
0.529895
-0.331086
-1.19838
0.526267
0.795531
0.339482
0.00645697
-0.663447
-0.580385
0.559014
0.273204
-0.504675
-0.133316
-0.412568
0.641377
0.604835
-0.0257866
-0.840662
0.228866
-0.206537
-0.209398
0.944542
-1.07688
0.334296
0.438941
-0.244766
-0.0360647
-0.74915
-0.0900217
-0.511943
-1.10985
1.53411
1.29875
-1.69769
0.15865
1.23584
-0.374365
0.0445224
-0.720363
0.616764
0.00527608
-0.272506
-0.40622
0.537734
-0.762478
0.294348
0.858911
-0.665197
0.0587187
-0.48164
-0.0156806
1.00212
-0.107723
-0.140845
-0.468405
-0.0529217
0.138292
-0.0839131
-1.19018
0.699463
0.702834
0.172529
-0.250828
-1.49453
-0.204339
1.13125
0.679425
0.45785
-0.58468
-0.654244
0.994322
-0.502714
-0.658782
0.798187
-0.175027
-0.199674
-0.841018
0.0812779
0.887795
0.0838526
0.469456
0.353401
-1.21904
-0.178062
-0.569679
-0.245068
0.510408
0.616487
-0.0548807
-0.0564587
-0.285065
-0.312816
-0.625454
-0.132139
0.283958
0.68741
0.132173
-0.741699
-1.04319
0.598204
0.394496
0.00329007
0.712421
0.436837
-0.755736
-0.730447
0.68175
0.642131
-0.616241
0.488182
0.628908
-1.18276
0.6985
0.985637
-1.07239
-0.765111
0.596476
0.549339
1.33359
-0.420867
-0.952546
0.442355
-0.570517
0.835078
0.811369
-0.611126
-0.27618
-0.160106
-0.0273944
0.80201
-0.800442
-1.06342
1.3347
0.919897
-0.565001
-0.350863
0.827453
0.56786
0.252632
0.0333328
-0.45866
0.612551
-0.0188063
-0.743713
-0.117127
0.248094
-0.140517
0.38096
0.568683
-0.0383749
-0.369059
-0.363776
0.843091
0.277935
-0.431225
0.985544
-0.174519
-1.14047
0.384153
0.676033
0.350955
-0.552654
0.206996
1.41626
-1.23006
-0.305045
0.490632
0.112396
-0.259458
0.147027
0.383133
0.593239
-0.646384
0.313178
-0.046754
-0.748071
0.410583
0.21676
0.0183313
1.05859
-0.663009
-0.20529
0.0508702
-0.465815
-0.770119
0.221916
-0.411009
-0.177964
0.230968
0.601106
-0.732951
0.114243
0.208378
-0.846213
0.222829
-0.257283
0.560965
-0.446728
-0.425393
0.0171948
-0.38502
0.163402
0.318159
0.173391
0.202536
-0.132373
0.22911
-0.374901
-0.754677
0.141086
1.06856
-0.24555
-0.0690828
-1.0018
0.416927
0.223627
-0.77694
0.712389
0.253496
0.114516
-0.73089
0.211716
0.924742
-0.398592
-0.717387
0.090663
0.0477294
0.205618
0.555775
-0.868
0.370477
-0.524674
0.00787224
0.0547617
-0.473571
-0.407638
0.131462
0.371726
0.980552
-1.42058
-0.557324
1.04072
-0.637287
-0.102522
0.0841259
0.850896
0.110854
-0.833269
-0.0392902
-0.305882
-0.455192
0.0182965
0.128812
0.900607
-0.529847
0.365675
-0.881461
0.155645
0.64217
-0.116503
0.958117
-0.312941
-0.611178
0.595878
0.348708
0.679344
0.54709
-1.01224
0.343981
0.0617717
-0.520787
0.411382
0.327702
-0.141059
-0.0448092
0.789678
0.303733
-1.34778
-0.402719
0.892954
0.0161371
0.558885
-0.521129
0.0498084
-0.527549
-0.653555
1.13452
-0.245073
-0.634108
0.742596
0.0587902
-0.791084
-0.585233
0.957302
0.275982
-1.1708
0.446301
-0.570449
-0.0617095
0.903294
0.328997
0.11114
-0.879089
-0.163634
-0.209874
-0.110011
0.929684
-0.0208884
-0.182741
0.198697
-0.201263
-0.641232
0.510999
0.467891
0.458265
0.189299
-0.555022
-0.31159
-1.07541
0.493644
-0.0463131
0.650271
0.774591
-0.621684
-0.876438
-0.251973
0.23522
0.955905
-0.651942
0.639028
-0.110118
-1.17977
-0.0450069
1.17986
-0.155087
0.212977
-0.46707
-0.406263
0.0854541
-0.134339
0.550869
-0.849489
-0.702942
0.97796
-1.02055
0.514872
-0.438317
-0.546431
0.015939
-0.0747578
0.596879
0.0594363
-0.713566
-0.628355
0.830214
-0.170127
-0.236483
-0.0932998
1.01492
0.68376
-0.911033
0.291554
-0.444457
-0.273386
0.779584
0.770216
-1.02618
0.140905
0.306335
-0.744745
-0.63755
1.0152
0.442147
-0.264356
0.763657
-0.535061
-0.39404
0.268705
0.450641
-0.1889
-0.20562
-0.750213
0.183738
1.64936
-0.735795
-0.838555
0.810595
-0.217917
0.192513
-0.991007
-0.613715
0.965776
0.300436
-0.47386
0.892022
-0.157674
-1.08445
0.631722
0.438785
0.0713402
-1.03059
0.31608
0.915558
0.609339
-0.120416
0.0139124
0.462687
-1.03868
0.639839
0.800449
-0.92499
0.112324
-0.254034
-0.747861
1.37486
-0.433725
0.00454127
0.797403
0.175975
-0.194113
0.133098
0.199571
-0.0215776
1.01882
-1.05781
0.577175
1.09712
-0.784851
0.244753
0.0859746
-0.839375
0.731695
0.0423478
-1.28375
0.62886
1.16692
0.0564049
-0.862329
-0.558234
-0.367644
0.796189
0.028339
-0.137872
0.0100606
-0.412131
0.393419
-0.300599
-0.282551
0.640897
0.229618
-0.85819
0.712508
0.374584
-0.959962
0.399962
0.182615
-0.860253
0.522332
0.162733
-0.622016
0.601423
-0.327673
-0.842194
0.532973
0.110704
0.302114
0.389088
-0.213769
-0.452345
0.613101
0.685448
-0.866456
-0.371833
0.116168
0.565164
0.492311
-0.744709
-0.900833
0.709471
0.632979
-0.400544
-0.465598
1.34265
-0.637281
-0.801514
0.513292
1.1218
-1.17862
0.292204
0.533114
-1.04756
0.637598
0.888165
0.441167
-0.76175
-1.49791
1.17583
0.146079
0.443878
-0.505718
-0.553938
-0.0753936
-0.560413
0.118653
0.535917
0.397887
-0.385191
-0.32716
0.117773
0.490835
0.696712
0.264058
-0.716713
-0.492405
0.296273
0.418047
0.0304275
-0.925448
0.232555
0.534824
0.526451
0.267928
-0.625555
0.0837616
0.928258
-0.0365053
-0.516829
-0.0554926
0.497533
-0.216051
-0.344358
0.36228
-0.0751557
0.222559
0.243219
0.0519621
-0.533346
-0.337405
0.144643
-0.198467
-0.142564
0.154942
0.128422
-0.0184068
0.397207
-0.477461
-0.160007
0.585881
-0.477627
-0.124767
0.318495
-0.579294
0.626442
-0.0315315
-0.562523
-0.179479
0.247048
0.354741
0.338481
-0.521268
0.0719844
-0.0385782
-0.477438
-0.526669
-0.0190115
-0.173313
-0.498058
-0.225403
1.34376
-0.393126
-1.42034
-0.373305
1.49086
0.228017
-0.604048
-1.0428
1.91336
-0.5056
-2.06202
1.91886
-0.606504
-0.994287
-0.104161
1.51703
0.18809
-0.87015
-0.678544
-0.172938
0.879124
-0.619383
-0.544752
0.763321
0.145345
0.337921
-0.252756
-0.765695
0.224243
-0.0222134
0.22959
-0.400486
0.145624
0.559387
0.0825014
-0.843728
0.215079
0.0333443
0.597399
-0.835853
-0.652186
0.914931
0.216041
-0.178102
-0.155258
-0.123322
0.153523
-0.570689
0.84396
-0.828746
0.394949
0.129422
-0.0886293
-0.458893
0.468116
-0.120029
0.539677
-0.927785
0.552164
0.117178
-0.383019
0.320755
0.590248
-0.580929
-0.145184
0.631111
-0.178284
-0.756937
0.354155
0.626892
-0.0544601
0.850744
-0.481632
0.35742
-0.331273
-0.169748
0.527827
-0.248156
-0.203734
0.170602
-0.282823
-0.130901
0.223087
-0.550965
0.424455
-0.429679
0.362554
-0.216811
0.513165
0
0
0
0
0
0
0
0
0
0
0
0
0
0
0
0
0
0
0
0
0
0
0
0
0
0
0
0
0
0
0
0
0
0
0
0
0
0
0
0
0
0
0
0
0
0
0
0
0
0
0
0
0
0
0
0
0
0
0
0
0
0
0
0
0
0
0
0
0
0
0
0
0
0
0
0
0
0
0
0
0
0
0
0
0
0
0
0
0
0
0
0
0
0
0
0
0
0
0
0
0
0
0
0
0
0
0
0
0
0
0
0
0
0
0
0
0
0
0
0
-0.495129
-0.0107949
-0.439833
0.789218
-0.58399
0.496894
-0.276387
-0.0891645
0.21496
0.77651
0.639621
-0.125651
-1.61315
1.01153
-0.0913698
-0.276183
-0.40455
-0.522946
-0.607234
0.000895019
1.19667
-1.15123
0.259119
1.1277
0.0331519
-1.40813
-0.354027
0.889363
-1.69567
0.680151
-1.07486
-1.28045
-0.488874
0.0340362
-0.216295
0.491105
-0.242344
0.861466
-0.459396
-0.126214
-0.0130633
-0.722624
0.788165
0.357013
0.0811079
0.613244
-0.0851982
-1.3814
0.994226
-0.0964304
-1.04695
0.223256
0.318023
-1.08105
-0.206653
-0.237842
-1.08442
0.923852
0.129923
0.609513
0.0354482
0.470931
-0.723867
0.557129
1.2747
0.529262
-1.39272
0.668207
0.203106
-1.66229
0.220719
-0.945178
0.427872
-0.0345276
0.786651
-0.919065
-0.955971
0.0676141
0.444586
0.62918
-0.632728
-0.326382
-0.782442
0.394447
0.845401
-0.281261
-0.279204
-1.10319
-0.677066
-0.627379
0.913568
0.887013
-1.11166
1.7641
-1.19258
-2.06214
1.60793
0.705907
-0.216299
0.774039
-0.100461
-0.156555
1.53134
-1.32297
0.523635
-0.584975
0.354215
0.383508
0.500726
-0.436517
-0.127845
0.85082
-1.18817
1.1198
-0.0338372
-1.01889
-0.100341
-0.713696
1.06709
-0.635868
0.518129
-0.572976
-0.0646812
-0.858176
0.246548
-0.840348
0.122251
0.443019
0.481217
-1.03414
0.873346
-0.100259
0.834953
-0.32806
0.41166
0.0845794
0.455657
0.0530437
-0.815709
0.0278248
-1.21478
-0.301129
-0.475343
0.552957
0.0406814
-1.42683
0.149467
-0.0506951
0.509477
-1.21947
1.4398
-1.30729
1.26923
-0.806965
0.616387
-0.288754
0.7051
-0.405863
0.621318
-0.256408
-0.541793
0.369954
-0.185999
0.988883
-0.212385
0.821296
0.901075
-0.9855
1.00339
0.0879209
0.520141
-0.33324
-1.48803
-0.468106
1.6401
-0.26159
0.673607
-0.744892
-0.949314
0.191697
-0.968546
-0.360469
1.08125
-0.0205645
-0.0394976
1.0894
-1.1199
0.927992
0.0741379
1.17491
-0.922684
0.514832
-0.183929
-0.706525
-0.654543
1.01036
0.649421
-0.643251
1.19983
-1.03652
-0.222105
0.758813
1.03051
-0.391791
1.02251
-0.228713
0.499741
-0.689222
0.542039
0.465564
-0.620923
0.552013
0.0277926
0.218858
-0.86393
-0.0418998
0.0378452
-0.584106
1.1498
-2.00453
1.19749
0.856453
0.271791
-0.509129
-0.855721
0.352349
1.71364
-1.81818
0.942046
1.23917
0.0802319
-0.411894
0.514209
-0.913264
-0.113312
-0.738005
0.29411
-0.644404
-0.0930542
1.0065
-1.39833
1.58571
-0.64332
-0.251759
-0.190333
-0.72244
-0.953967
1.11823
-0.461258
1.09212
-0.464681
-0.743337
1.07924
0.405347
-0.333216
-0.140903
-0.488206
0.912196
0.516987
0.432626
0.849953
0.295584
-1.13588
0.247619
0.00521802
0.588501
-0.286929
-0.219788
-1.0577
0.499446
-0.559776
-0.714812
0.357049
-0.412864
0.367143
0.0434175
-0.359164
1.41367
0.272659
0.813365
-1.17959
-0.159574
-0.781189
0.238728
-0.642851
0.598839
0.393378
0.636886
-0.20998
0.640643
-0.365266
-1.06943
0.271585
0.572117
0.176786
0.525728
-0.766215
0.190479
1.01943
-0.447389
0.0121836
0.537456
-0.708181
0.973593
-0.648617
-0.327948
0.81974
-0.485739
0.82874
-1.24274
-0.708695
-0.457015
1.38923
1.07676
-0.0703564
-0.841725
1.60949
-1.15975
0.933201
0.500968
-1.2479
-1.13431
0.648518
-1.56988
1.90353
-0.437312
-0.747844
0.0772883
0.733763
-1.24851
0.880925
0.47874
-0.103034
1.10545
-0.743125
0.704848
-0.938652
-0.92169
0.602507
-1.44405
-0.233385
1.06058
-0.626004
0.438831
0.372077
-0.946803
-0.145882
-1.12049
-0.220371
-0.0722767
0.539948
0.159548
1.28099
-0.644347
-0.605639
0.512495
-0.860839
0.093682
-1.23637
1.29271
0.414262
0.294663
-0.158127
-0.77484
0.872868
-0.875803
-0.652746
0.235308
-0.514714
-0.665699
0.614228
-0.153538
0.340243
-0.549445
-0.863676
-0.0649131
-0.0915484
0.762152
1.07511
-1.27301
0.759627
0.883965
-1.34427
-0.643804
0.302709
-0.868023
0.629296
1.00535
-0.792577
1.00403
1.4806
-0.897033
-0.586357
-0.572286
0.26162
1.41805
-0.157895
-1.05944
0.794768
-1.6197
-0.158301
0.563863
0.956298
-0.410219
-0.512804
1.69622
-1.02496
1.71274
-0.392635
-0.147919
0.102016
-0.484889
-1.00586
-0.785007
0.0322282
-0.523857
0.427011
-0.930115
1.41745
0.537926
-0.937013
0.956406
-0.735583
0.63807
0.159033
-0.254201
0.722733
-0.44975
1.35348
-0.227991
-0.771724
-0.399042
0.339375
0.13415
-0.942257
0.744286
0.682561
0.132843
-0.488859
0.711839
-0.683716
-0.169851
0.542806
-0.583311
-0.390479
-0.101351
1.03101
-1.74987
0.914875
0.0622792
0.514662
-0.739455
0.0792831
0.11311
0.969183
-1.00655
-0.606608
0.644167
-0.618554
1.23158
-0.48897
0.95851
-0.573563
-0.00778846
0.870879
-0.0691657
-0.16885
-0.662498
-0.940518
1.07467
-0.181255
0.476896
-0.318119
0.576426
-0.809078
-1.01335
-0.259059
1.02004
1.2333
-1.04824
1.30459
-1.34348
1.4051
-1.16384
-0.721316
0.0746629
-0.596914
-0.925033
-0.592601
-1.324
0.904686
-0.109781
1.10719
-0.62146
0.75493
-1.18643
0.653661
0.301944
0.570385
-0.0115495
-0.0481658
-0.176924
-1.15851
0.630353
0.000365931
-0.689483
0.558973
0.150689
0.0660428
-0.808339
0.00188068
0.571229
0.634397
0.713982
-0.990294
-0.287687
-0.183702
0.609364
-0.876506
-0.30621
1.01713
-0.941133
0.669261
-0.98247
0.615356
0.304933
0.681331
-0.0915341
0.53325
-0.580445
-0.259182
0.33046
-0.170532
0.480533
0.473412
0.350442
0.413221
-0.421825
-1.20401
1.13732
-1.33336
0.926914
-0.440841
0.354893
0.0860777
0.812117
0.38095
-0.0311756
-0.716031
0.418551
0.514174
-0.586259
-0.3538
0.139864
0.66309
-0.136155
1.35945
1.38764
-3.00388
2.17639
1.11807
-1.27761
1.90776
0.293763
-0.31413
-0.271562
0.0839773
0.0494722
1.46109
0.434962
-0.279491
0.0494879
0.0106742
-0.636349
1.30929
-0.456534
0.158467
0.622062
-0.344348
0.603077
-1.32018
1.03902
-0.467695
0.675743
0.174453
-0.73958
0.764155
-0.741322
-0.29311
0.72302
0.794633
-0.695515
-1.15942
1.00137
0.337385
-0.881265
-0.00390042
0.351562
0.380632
-0.0584359
0.337534
-0.369162
0.500868
-0.725297
0.331463
0.643207
-0.559369
0.790218
0.371151
-0.594552
0.285547
-0.263303
-0.233358
-0.510611
-1.02765
0.949025
0.707898
-0.017484
-0.735446
-0.226054
-0.152436
-0.647831
0.181633
0.062747
-0.0343871
0.643026
-1.44117
1.3444
-0.723997
0.399139
-0.931894
-0.371488
0.585391
0.720599
-1.3162
1.0266
-1.17986
-0.068327
-2.25255
2.30223
0.297435
3.46143
-1.40621
-0.405936
0.132297
0.800953
0.687139
-1.06061
0.466222
0.792679
-1.17817
0.232009
0.0872232
0.789625
-1.14166
0.789151
0.322271
-0.609531
0.188708
0.825669
-1.09164
-0.611379
0.388794
0.443376
-0.970331
0.403923
0.769985
0.596573
-0.620349
-0.244249
-0.0510254
-0.186678
0.048187
-0.89177
0.669403
-0.532241
0.0277115
-0.981232
-0.853215
0.171836
0.0971891
0.12525
0.241231
-0.373547
-0.0714837
-0.0374272
0.72403
-0.218126
-0.250647
0.125466
0.259668
0.137397
-0.292512
-0.643136
0.151938
0.339292
-0.22245
0.306153
-1.0325
-1.10291
-5.54678
-3.28145
-0.297478
-0.136684
0.166248
-0.215749
-0.121039
-0.252
-0.00460844
-0.148006
-0.136295
0.398903
-0.339117
-0.432583
0.282395
-0.0570935
0.567738
0.419708
0.548653
0.701021
0
0
0
0
0
0
0
0
0
0
0
0
0
0
0
0
0
0
0
0
0
0
0
0
0
0
0
0
0
0
0
0
0
0
0
0
0
0
0
0
0
0
0
0
0
0
0
0
0
0
0
0
0
0
0
0
0
0
0
0
0
0
0
0
0
0
0
0
0
0
0
0
0
0
0
0
0
0
0
0
0
0
0
0
0
0
0
0
0
0
0
0
0
0
0
0
0
0
0
0
0
0
0
0
0
0
0
0
0
0
0
0
0
0
0
0
0
0
0
0
0
0
0
0
0
0
0
0
0
0
0
0
0
0
0
0
0
0
0
0
0
0
0
0
0
0
0
0
0
0
0
0
0
0
0
0
0
0
0
0
0
0
0
0
0
0
0
0
0
0
0
0
0
0
0
0
0
0
0
0
0
0
0
0
0
0
0
0
0
0
0
0
0
0
0
0
0
0
0
0
0
0
0
0
0
0
0
0
0
0
0
0
0
0
0
0
0
0
0
0
0
0
0
0
0
0
0
0
0
0
0
0
0
0
0
0
0
0
0
0
0
0
0
0
0
0
0
0
0
0
0
0
0
0
0
0
0
0
0
0
0
0
0
0
0
0
0
0
0
0
0
0
0
0
0
0
0
0
0
0
0
0
0
0
0
0
0
0
0
0
0
0
0
0
0
0
0
0
0
0
0
0
0
0
0
0
0
0
0
0
0
0
0
0
0
0
0
0
0
0
0
0
0
0
0
0
0
0
0
0
0
0
0
0
0
0
0
0
0
0
0
0
0
0
0
0
0
0
0
0
0
0
0
0
0
0
0
0
0
0
0
0
0
0
0
0
0
0
0
0
0
0
0
0
0
0
0
0
0
0
0
0
0
0
0
0
0
0
0
0
0
0
0
0
0
0
0
0
0
0
0
0
0
0
0
0
0
0
0
0
0
0
0
0
0
0
0
0
0
0
0
0
0
0
0
0
0
0
0
0
0
0
0
0
0
0
0
0
0
0
0
0
0
0
0
0
0
0
0
0
0
0
0
0
0
0
0
0
0
0
0
0
0
0
0
0
0
0
0
0
0
0
0
0
0
0
0
0
0
0
0
0
0
0
0
0
0
0
0
0
0
0
0
0
0
0
0
0
0
0
0
0
0
0
0
0
0
0
0
0
0
0
0
0
0
0
0
0
0
0
0
0
0
0
0
0
0
0
0
0
0
0
0
0
0
0
0
0
0
0
0
0
0
0
0
0
0
0
0
0
0
0
0
0
0
0
0
0
0
0
0
0
0
0
0
0
0
0
0
0
0
0
0
0
0
0
0
0
0
0
0
0
0
0
0
0
0
0
0
0
0
0
0
0
0
0
0
0
0
0
0
0
0
0
0
0
0
0
0
0
0
0
0
0
0
0
0
0
0
0
0
0
0
0
0
0
0
0
0
0
0
0
0
0
0
0
0
0
0
0
0
0
0
0
0
0
0
0
0
0
0
0
0
0
0
0
0
0
0
0
0
0
0
0
0
0
0
0
0
0
0
0
0
0
0
0
0
0
0
0
0
0
0
0
0
0
0
0
0
0
0
0
0
0
0
0
0
0
0
0
0
0
0
0
0
0
0
0
0
0
0
0
0
0
0
0
0
0
0
0
0
0
0
0
0
0
0
0
0
0
0
0
0
0
0
0
0
0
0
0
0
0
0
0
0
0
0
0
0
0
0
0
0
0
0
0
0
0
0
0
0
0
0
0
0
0
0
0
0
0
0
0
0
0
0
0
0
0
0
0
0
0
0
0
0
0
0
0
0
0
0
0
0
0
0
0
0
0
0
0
0
0
0
0
0
0
0
0
0
0
0
0
0
0
0
0
0
0
0
0
0
0
0
0
0
0
0
0
0
0
0
0
0
0
0
0
0
0
0
0
