1	0.0	0.0	0.0
2	0.0	0.0	0.0
3	0.0	0.0	0.0
4	0.0	0.0	0.0
5	0.0	0.0	0.0
6	0.0	0.0	0.0
7	0.0	0.0	0.0
8	0.0	0.0	0.0
9	0.0	0.0	0.0
10	0.0	0.0	0.0
11	0.0	0.0	0.0
12	0.0	0.0	0.0
13	0.0	0.0	0.0
14	0.0	0.0	0.0
15	0.0	0.0	0.0
16	0.0	0.0	0.0
17	0.0	0.0	0.0
18	0.0	0.0	0.0
19	0.0	0.0	0.0
20	0.0	0.0	0.0
21	0.0	0.0	0.0
22	0.0	0.0	0.0
23	0.0	0.0	0.0
24	0.0	0.0	0.0
25	0.0	0.0	0.0
26	0.0	0.0	0.0
27	0.0	0.0	0.0
28	0.0	0.0	0.0
29	0.0	0.0	0.0
30	0.0	0.0	0.0
31	0.0	0.0	0.0
32	0.0	0.0	0.0
33	0.0	0.0	0.0
34	0.0	0.0	0.0
35	0.0	0.0	0.0
36	0.0	0.0	0.0
37	0.0	0.0	0.0
38	0.0	0.0	0.0
39	0.0	0.0	0.0
40	0.0	0.0	0.0
41	0.0	0.0	0.0
42	0.0	0.0	0.0
43	0.0	0.0	0.0
44	0.0	0.0	0.0
45	0.0	0.0	0.0
46	0.0	0.0	0.0
47	0.0	0.0	0.0
48	0.0	0.0	0.0
49	0.0	0.0	0.0
50	0.0	0.0	0.0
51	0.0	0.0	0.0
52	0.0	0.0	0.0
53	0.0	0.0	0.0
54	0.0	0.0	0.0
55	0.0	0.0	0.0
56	0.0	0.0	0.0
57	0.0	0.0	0.0
58	0.0	0.0	0.0
59	0.0	0.0	0.0
60	0.0	0.0	0.0
61	0.0	0.0	0.0
62	0.0	0.0	0.0
63	0.0	0.0	0.0
64	0.0	0.0	0.0
65	0.0	0.0	0.0
66	0.0	0.0	0.0
67	0.0	0.0	0.0
68	0.0	0.0	0.0
69	0.0	0.0	0.0
70	0.0	0.0	0.0
71	0.0	0.0	0.0
72	0.0	0.0	0.0
73	0.0	0.0	0.0
74	0.0	0.0	0.0
75	0.0	0.0	0.0
76	0.0	0.0	0.0
77	0.0	0.0	0.0
78	0.0	0.0	0.0
79	0.0	0.0	0.0
80	0.0	0.0	0.0
81	0.0	0.0	0.0
82	0.0	0.0	0.0
83	0.0	0.0	0.0
84	0.0	0.0	0.0
85	0.0	0.0	0.0
86	0.0	0.0	0.0
87	0.0	0.0	0.0
88	0.0	0.0	0.0
89	0.0	0.0	0.0
90	0.0	0.0	0.0
91	0.0	0.0	0.0
92	0.0	0.0	0.0
93	0.0	0.0	0.0
94	0.0	0.0	0.0
95	0.0	0.0	0.0
96	0.0	0.0	0.0
97	0.0	0.0	0.0
98	0.0	0.0	0.0
99	0.0	0.0	0.0
100	0.0	0.0	0.0
101	0.0	0.0	0.0
102	0.0	0.0	0.0
103	0.0	0.0	0.0
104	0.0	0.0	0.0
105	0.0	0.0	0.0
106	0.0	0.0	0.0
107	0.0	0.0	0.0
108	0.0	0.0	0.0
109	0.0	0.0	0.0
110	0.0	0.0	0.0
111	0.0	0.0	0.0
112	0.0	0.0	0.0
113	0.0	0.0	0.0
114	0.0	0.0	0.0
115	0.0	0.0	0.0
116	0.0	0.0	0.0
117	0.0	0.0	0.0
118	0.0	0.0	0.0
119	0.0	0.0	0.0
120	0.0	0.0	0.0
121	-0.00324029	0.0053945	0.0
122	0.000178989	-0.00273483	0.0
123	-0.0101209	-0.00964416	0.0
124	0.0157265	-0.00399536	0.0
125	-0.00979538	-0.00721385	0.0
126	-0.00845634	0.0074284	0.0
127	0.00253794	-0.00719549	0.0
128	-0.000759816999999	-0.0084825	0.0
129	0.00993268	0.00638304	0.0
130	-0.0119601	-0.00185201	0.0
131	0.00549818	-0.0137677	0.0
132	0.00368904	0.000880977000001	0.0
133	0.00366316	-0.00312132	0.0
134	-3.25803000002e-05	0.00431896	0.0
135	-0.00253892	-0.00790494	0.0
136	-0.00684366	-0.00683716	0.0
137	0.00872508	0.0127515	0.0
138	-0.00689535	0.00765709	0.0
139	0.00437976	-0.00120332	0.0
140	0.000747256999998	0.00950444	0.0
141	0.000651985000002	-0.0103683	0.0
142	0.000759496999999	0.00672331	0.0
143	0.00659516	-0.00948649	0.0
144	-0.00461332	-0.00762402	0.0
145	8.14526000022e-05	0.0122057	0.0
146	0.000873898999999	-0.0136767	0.0
147	-0.00414928	0.00505045	0.0
148	0.00358489	-0.00655037	0.0
149	0.00760411	-0.00778471	0.0
150	0.00421151	-0.00608801	0.0
151	-0.00283549	0.00669163	0.0
152	-0.00188541	0.0123724	0.0
153	-0.00232043	-0.0117701	0.0
154	0.00128084	-0.000589617	0.0
155	0.00437669	0.0130075	0.0
156	0.00219818	-0.00694043	0.0
157	-0.00208890000001	0.00519237	0.0
158	0.000519630000003	0.0018124	0.0
159	0.000148822000004	-0.00218048	0.0
160	0.00494668	-0.00408537	0.0
161	-0.0078733	0.00486977	0.0
162	-0.00160319	0.0100061	0.0
163	0.00760397	-0.00352813	0.0
164	0.00373567	-0.0112399	0.0
165	-0.00534621	0.0100472	0.0
166	0.00537516	0.00042609	0.0
167	-0.00471777	0.010114	0.0
168	-0.0094015	0.013322	0.0
169	0.00420262	-0.00960475	0.0
170	-0.00156892	-0.00466672	0.0
171	0.00702081	0.00808957	0.0
172	0.0015931	0.00205721	0.0
173	0.00606356	0.00359758	0.0
174	0.000541626	-0.00496231	0.0
175	-0.00715473	0.0103903	0.0
176	-0.00605383	-0.00478661	0.0
177	0.000522199999999	-0.0038873	0.0
178	0.011492	0.00339483	0.0
179	0.00189609	-0.00175532	0.0
180	-0.00403194	-0.00176577	0.0
181	-0.00669214	0.003784	0.0
182	-0.000805856000001	0.00794073	0.0
183	0.00540789	-0.00558835	0.0
184	0.00866485	0.00388441	0.0
185	-0.0066843	0.00476395	0.0
186	0.00118637	-0.00545606	0.0
187	-0.0087825	-0.00257611	0.0
188	-0.00573623	0.0152189	0.0
189	0.00721013	-0.00889214	0.0
190	0.00875542	-0.00613123	0.0
191	-0.000557103999998	0.0146982	0.0
192	-0.00587955	4.62755999984e-05	0.0
193	0.00714321	-0.00335328	0.0
194	-0.000345610000001	0.00812797	0.0
195	-0.00151344	-0.00660876	0.0
196	-0.011369	0.00151767	0.0
197	0.00804025	-0.00432494	0.0
198	0.010446	-0.0139311	0.0
199	0.000638430999997	0.0110481	0.0
200	-0.00442647	6.35670000044e-06	0.0
201	-0.0123222	0.00530718	0.0
202	-0.00590557	0.0130338	0.0
203	0.00780231	-0.0111655	0.0
204	0.0042722	0.00844966	0.0
205	0.00326919	0.00696964	0.0
206	-0.002461	-0.0158985	0.0
207	-0.0056741	0.0141216	0.0
208	-0.00199773	-0.00988422	0.0
209	0.00637507	0.0102006	0.0
210	0.00322519	-0.00643869	0.0
211	-0.0125953	-0.00158568	0.0
212	-0.00224742	0.011133	0.0
213	0.014048	-0.00133789	0.0
214	-0.011178	0.00927334	0.0
215	-0.00717807	-0.00268025	0.0
216	0.00920325	-0.00804842	0.0
217	-0.00190138	0.00889743	0.0
218	0.00560603	-0.00788041	0.0
219	-0.00787339	0.0124231	0.0
220	0.00255049	-0.0024487	0.0
221	-0.00558638000001	0.00118977	0.0
222	-0.00236198	0.0149673	0.0
223	0.00870116	-0.00639059	0.0
224	0.00200769	0.00222767	0.0
225	-0.00983738	0.0011341	0.0
226	-0.00109961999999	0.0081943	0.0
227	0.0112565	0.00645414	0.0
228	-0.00484325000001	-0.00992343	0.0
229	0.00510535	-0.00467232	0.0
230	-0.00114129	-0.00580364	0.0
231	-0.0104401	-0.000799014000001	0.0
232	-0.00104119	-0.00630688	0.0
233	0.00684028	0.00438035	0.0
234	-0.000374589000005	-0.00617853	0.0
235	-0.00318769999999	0.00413004	0.0
236	0.00662279000001	-0.00689769	0.0
237	-0.00750539000001	0.001043	0.0
238	0.000540400999995	-0.00185718	0.0
239	0.00483592	8.78320999992e-05	0.0
240	0.0054307	-0.0109274	0.0
241	0.00358295	-0.00191573	0.0
242	0.00105844	-0.00684069	0.0
243	-0.00584065	-0.00265125	0.0
244	-0.00113088	0.0114641	0.0
245	0.00117261	0.00559144	0.0
246	0.00315821	-0.0059326	0.0
247	-0.000836784	-0.00458128	0.0
248	0.00571243	-0.00613502	0.0
249	0.00170789	-0.00362884	0.0
250	0.00247905	-0.000841533	0.0
251	0.00376201	0.0130599	0.0
252	-0.00811073	-0.00308593	0.0
253	-0.00838427	-0.0116662	0.0
254	0.000121427	0.00586554	0.0
255	0.00848258	0.0056239	0.0
256	-0.00637715	-0.00896562	0.0
257	-0.00506689	0.00569501	0.0
258	0.00774702	-0.000717903	0.0
259	-0.00416224	-0.00112478	0.0
260	-0.00506553	0.000316745999999	0.0
261	0.0033755	0.00291167	0.0
262	-0.00626878	-0.0110862	0.0
263	0.00394414	-0.00194198	0.0
264	-0.00187706	-0.0019872	0.0
265	-0.00454333	-0.00259888	0.0
266	0.00044991	-0.00910919	0.0
267	0.00155673	0.00422261	0.0
268	0.00286648	-0.00984198	0.0
269	-0.00221557	-0.00449641	0.0
270	0.00175544	-0.00519961	0.0
271	-0.00760537	0.00510701	0.0
272	-0.000751108999999	0.00154561	0.0
273	0.00704849	-0.000605079999999	0.0
274	-0.00700721	-0.00316494	0.0
275	0.00491618	-0.00892534	0.0
276	0.000150837000003	8.24957000015e-05	0.0
277	-0.00770345	0.0102476	0.0
278	0.0048473	-0.00564348	0.0
279	0.00174149	-0.00989002	0.0
280	-0.000782751999999	0.0118135	0.0
281	0.000698604	-0.00414924	0.0
282	0.00611116	0.00446301	0.0
283	0.00102196	-0.00377452	0.0
284	-0.00306802	-0.00899961	0.0
285	-0.00288746	0.00170072	0.0
286	0.00274286	0.00572885	0.0
287	0.00644664	0.00501219	0.0
288	-0.0028423	0.00809113	0.0
289	-0.00260849	-0.00148847	0.0
290	-0.00572805	0.00549436	0.0
291	0.00602816	0.000288329	0.0
292	0.000940289000001	-0.00122824	0.0
293	0.00725917	-0.00776021	0.0
294	0.0102172	-0.00796855	0.0
295	-0.0101047	0.0156679	0.0
296	-0.0014455	-0.00285548	0.0
297	-0.00505162	0.00420465	0.0
298	-0.00243657	0.00653705	0.0
299	0.00688671	-0.00709702	0.0
300	-0.00436765	-0.00566249	0.0
301	0.00562483	-0.00945718	0.0
302	0.0154563	-0.0106652	0.0
303	-0.00798959	-0.00166522	0.0
304	-0.00466754000001	0.00355732	0.0
305	-0.00146862	-0.00692781	0.0
306	-0.000651803999999	0.00588713	0.0
307	-0.00103437	-0.00129298	0.0
308	0.00493483	-0.00533101	0.0
309	0.00537143	0.00928916	0.0
310	-0.00989737000001	-0.0035485	0.0
311	0.0020264	0.0120646	0.0
312	0.00780331000001	-0.00742337	0.0
313	0.00309076	-0.00229488	0.0
314	-0.00284675	0.0109353	0.0
315	-0.00438765	0.00773333	0.0
316	-0.00559679	-0.00591346	0.0
317	-0.00460079	0.00578232	0.0
318	0.00873286999999	-0.00151002	0.0
319	-0.00308217999999	0.00737428	0.0
320	-0.00282478	0.00532722	0.0
321	-0.000754640000002	0.00786509	0.0
322	-0.00104941	-0.000565905000001	0.0
323	-0.00418417	-0.0102434	0.0
324	-6.99000999999e-05	0.00903431	0.0
325	-0.00458902	-0.012644	0.0
326	0.00978973	0.00912389	0.0
327	0.00101431	0.00820347	0.0
328	0.000532902	-0.00371135	0.0
329	-0.00773797	0.0021611	0.0
330	-0.0035538	0.00446824	0.0
331	0.00535902	-0.00917156	0.0
332	0.00244029	0.000936002999999	0.0
333	0.000375324999999	0.00220276	0.0
334	-0.00587909	-0.000165614999999	0.0
335	0.00490011	0.00201593	0.0
336	-0.00124006	-0.00606281	0.0
337	-0.00494538	0.00753874	0.0
338	0.00109091	0.00511902	0.0
339	0.00412782	-0.00635257	0.0
340	-0.00380395	0.00996769	0.0
341	0.0100441	0.0045116	0.0
342	-0.00128446	-0.00955998	0.0
343	0.000352076	0.0131245	0.0
344	0.00405951	-0.00686833	0.0
345	-0.00313705	0.00847921	0.0
346	0.00512866	-0.0025033	0.0
347	-0.00626874	0.009529	0.0
348	-0.0148456	-0.00423723	0.0
349	0.00551167	-0.00506197	0.0
350	0.0112038	0.00539937	0.0
351	-0.000139824000002	0.00812014	0.0
352	-0.00249418	-0.003263	0.0
353	-0.0022714	-0.00990563	0.0
354	0.00931088	0.000613902999998	0.0
355	0.00249456	0.00914647	0.0
356	-0.00730411	-0.0104091	0.0
357	0.00141508	0.0111872	0.0
358	-0.00403929	-0.00529123	0.0
359	0.00285714	-0.00193968	0.0
360	-0.000991408000001	0.0065593	0.0
361	-0.000470797	-0.00933465	0.0
362	0.00155552	0.00294583	0.0
363	-0.00402142	-0.00618603	0.0
364	0.00720804	-0.0116181	0.0
365	-0.00496944	0.0104993	0.0
366	-0.00956935	0.010844	0.0
367	0.00160988	-0.0190046	0.0
368	-0.00435877	0.0078892	0.0
369	0.00807435	-0.0171907	0.0
370	-0.0044056	0.0111177	0.0
371	-0.0010709	-0.00685039	0.0
372	0.00644999	-0.0100931	0.0
373	-0.00092198	0.0154044	0.0
374	-0.00304151	-0.0172348	0.0
375	-0.00520695	-0.00110829	0.0
376	0.00503257	-7.08659999963e-06	0.0
377	-0.00284345	-0.00860929	0.0
378	0.00302792	-0.00138533	0.0
379	-0.00506308	0.00985453	0.0
380	-0.000210022000001	6.91632000004e-05	0.0
381	-0.00288932	0.0149956	0.0
382	-0.001936	-0.00505799	0.0
383	-0.00106477	0.000502458999998	0.0
384	-0.00258243999999	0.00923139	0.0
385	0.0013324	-0.0102652	0.0
386	0.000159479	0.00166364	0.0
387	-0.00914597999999	0.000119619000001	0.0
388	-0.00598262000001	0.0130492	0.0
389	0.0131473	-0.00792678	0.0
390	0.00500076	-0.0130293	0.0
391	-0.00151389	0.0129918	0.0
392	0.00189518	-0.00821802	0.0
393	-0.00391626	-0.00568176	0.0
394	0.00138968	-0.00424631	0.0
395	-0.000745068	-0.0089997	0.0
396	-0.000218045000004	0.0133567	0.0
397	0.00411209	0.00418861	0.0
398	-0.00741673	-0.00266724	0.0
399	0.00280208	-0.00539964	0.0
400	0.00269439	-0.00161321	0.0
401	-0.00998272	-0.00723722	0.0
402	0.00638404	-4.88263000095e-06	0.0
403	0.00748803	0.00610376	0.0
404	-0.00601605	-0.00605138	0.0
405	-0.00288777	0.00479851	0.0
406	-0.00318419	0.00327062	0.0
407	-0.00230446	-0.00610753	0.0
408	-0.0047131	0.0054674	0.0
409	0.00438862	-0.0068204	0.0
410	0.00239214	0.00485017	0.0
411	-0.000938697	-0.000643367999997	0.0
412	-0.0070841	-0.000708468000001	0.0
413	0.00582503	0.0021166	0.0
414	0.00178011	-9.88076000013e-05	0.0
415	0.00187585	-0.0018341	0.0
416	-0.00165056	0.00511837	0.0
417	0.00660053	0.00413518	0.0
418	0.00562706	-0.00665456	0.0
419	-0.00873669	-0.00241264	0.0
420	-0.00469847	0.00730927	0.0
421	0.00347381	-0.00478278	0.0
422	-0.00222858	-0.00395258	0.0
423	-0.00228524	-0.00183392	0.0
424	-0.00296129	0.00393409	0.0
425	-0.0022142	-0.00318511	0.0
426	0.00708908	-0.00528949	0.0
427	0.00251671	7.5783400003e-06	0.0
428	0.0014417	0.00235861	0.0
429	7.56858999999e-05	0.00638957	0.0
430	0.00352539	0.010644	0.0
431	0.000640019999998	0.00139748	0.0
432	-0.00656557	-0.0126005	0.0
433	0.000554856000002	0.0139919	0.0
434	-0.00436318	-0.00844115	0.0
435	-0.00416749	0.00358737	0.0
436	-0.00502807	0.00807542	0.0
437	0.0114518	-0.00112146	0.0
438	0.0055294	-0.0110746	0.0
439	-0.00548977	0.00686851	0.0
440	-0.00915094	0.0109243	0.0
441	-0.00219826	-0.0104503	0.0
442	0.0104908	-0.00579604	0.0
443	-0.00296152	0.0137726	0.0
444	-0.000170344999999	0.00525453	0.0
445	0.00997753	-2.16355999986e-05	0.0
446	-0.00480787	-0.0198436	0.0
447	0.00140325	0.00847408	0.0
448	-0.00466884	0.00806321	0.0
449	0.00897362	-0.00108802	0.0
450	0.00612062	-0.0130891	0.0
451	-0.00722123	0.0107649	0.0
452	0.00392827	-0.00291167	0.0
453	-0.00377541	0.0142826	0.0
454	0.000778468000002	-0.0125922	0.0
455	0.000420947000002	0.0129308	0.0
456	-0.0108245	0.00556427	0.0
457	-0.00239468	-0.00898326	0.0
458	0.0106377	-0.00544545	0.0
459	0.00861005	0.00680665	0.0
460	0.0047934	-0.0165128	0.0
461	-0.00156159	0.00755188	0.0
462	0.000481764000004	-0.00101809	0.0
463	2.99986999954e-05	-0.000115219999996	0.0
464	-0.00292784	-0.0010792	0.0
465	-0.000312486999995	0.00201304	0.0
466	-0.000454511000004	-0.00120127	0.0
467	0.000712026999996	-0.00792618	0.0
468	-0.000580928000003	-0.00685924	0.0
469	-0.00314448999999	0.00586255	0.0
470	-0.000716661999998	0.00356535	0.0
471	0.00198277999999	0.00684538	0.0
472	-0.00182902999999	-0.00600458	0.0
473	0.00221561	0.0100311	0.0
474	0.00573423	-0.00454095	0.0
475	0.00817195	0.000270141999998	0.0
476	-0.00636925999999	-0.00578412	0.0
477	-0.0104401	-0.00475166	0.0
478	0.00750703	0.000482471000002	0.0
479	0.00813395	-0.00150907	0.0
480	-0.000205898000002	-0.00563109	0.0
481	0.00556881	0.0126674	0.0
482	-0.0116044	-0.00795264	0.0
483	0.00280524	-0.000184782999999	0.0
484	0.00669592	0.0113084	0.0
485	0.0068432	-0.00611208	0.0
486	-0.00550736	-0.0026588	0.0
487	-0.00418022	-0.00706277	0.0
488	-0.00121562	0.00468042	0.0
489	0.00579086	-0.0016603	0.0
490	0.0110362	-0.00285998	0.0
491	-0.00988566	-9.34994999988e-05	0.0
492	-0.00957501	0.0134129	0.0
493	0.0134952	-0.00492579	0.0
494	-0.000664978	-0.00414316	0.0
495	-0.00299582	-0.00249786	0.0
496	0.00367991	-0.00795237	0.0
497	-0.000700373	0.00327403	0.0
498	-0.00640639	-0.00781913	0.0
499	0.00357651	0.000884008999998	0.0
500	0.00556889	-0.00513703	0.0
501	-0.00382727	0.00731672	0.0
502	-0.00825091	0.00330167	0.0
503	-0.00187644	-0.0114696	0.0
504	0.00907503	0.00796585	0.0
505	-0.00223975	0.0125887	0.0
506	-0.00243342	-0.0102913	0.0
507	0.000896541	-0.00710997	0.0
508	0.00360952	0.0111391	0.0
509	0.00403266	-0.0070412	0.0
510	-0.00556666	-0.00329097	0.0
511	0.000242911999998	-0.00758411	0.0
512	-0.0120372	0.00452088	0.0
513	0.00915973	0.000573336	0.0
514	0.0162659	-0.00501823	0.0
515	-0.000765780999998	0.012908	0.0
516	-0.00678322	-0.00691324	0.0
517	-0.000725436	0.00359328	0.0
518	-0.00669498	-0.00895112	0.0
519	0.00751479	0.00282901	0.0
520	0.00377165	-0.0095319	0.0
521	-0.00451383	0.00362529	0.0
522	-0.00255908	-0.00243606	0.0
523	0.00224957	-0.00625435	0.0
524	0.00727759	-0.00247263	0.0
525	-0.014798	-0.000254225000001	0.0
526	0.00731723	0.00911547	0.0
527	0.00730636	0.00679814	0.0
528	-0.00365669	0.00960696	0.0
529	-0.00733127	-0.0101727	0.0
530	-0.0024233	0.000650966000001	0.0
531	0.00852616	-0.000703535999999	0.0
532	0.0020682	0.00500068	0.0
533	-0.00713502	0.000219767	0.0
534	-0.000217183000002	-0.0023962	0.0
535	0.00404718	0.00292881	0.0
536	-0.0032324	0.00691547	0.0
537	-0.00535225	0.00201177	0.0
538	0.00902637000001	-0.00793479	0.0
539	-0.00379222	0.0173971	0.0
540	-0.00618163000001	-0.00985695	0.0
541	-0.0025322	-3.45302999996e-05	0.0
542	3.46680000016e-05	0.000449607999999	0.0
543	0.00168509	-0.00592905	0.0
544	0.00242811	0.00550019	0.0
545	-0.00471509	-0.000712771999999	0.0
546	0.00567954	0.00117552	0.0
547	0.00156399	0.0105711	0.0
548	-0.000371211000004	0.000320727000002	0.0
549	-0.00146797	-0.00404246	0.0
550	-0.00686348	0.0108236	0.0
551	0.00281112	0.00281547	0.0
552	0.00394026	-0.00960454	0.0
553	-0.00156811	0.00552221	0.0
554	0.00537203	0.00652916	0.0
555	-0.00412121	-0.00211989	0.0
556	0.000350724999998	0.00719339	0.0
557	0.000700375999998	0.00742746	0.0
558	-0.00881488999999	-0.0121438	0.0
559	-0.0099834	0.00632177	0.0
560	0.0147175	-0.00361313	0.0
561	-0.00826872	0.00607128	0.0
562	-0.0106723	-0.0018531	0.0
563	0.00470017	0.000739074	0.0
564	0.0119732	-0.0067614	0.0
565	-0.00931193	-0.00137349	0.0
566	-0.00668984	0.00100121	0.0
567	0.00648025	-0.00271609	0.0
568	-0.00489377	-0.000450939999998	0.0
569	-0.00298802	0.00782789	0.0
570	0.00283259	-0.0118323	0.0
571	0.00649174	-0.00445947	0.0
572	0.00268071	-0.00794118	0.0
573	-0.00775179	0.00673579	0.0
574	-0.0105436	-0.00608755	0.0
575	-0.0031088	0.0039678	0.0
576	0.0101829	0.00610734	0.0
577	0.00152893	0.00125329	0.0
578	0.000883291000002	-0.0017422	0.0
579	0.00443622	0.00353046	0.0
580	-0.0064792	0.00403881	0.0
581	0.00522811	0.00353354	0.0
582	-0.00438719	-0.0104269	0.0
583	-0.00149833	-0.00113801	0.0
584	0.00729676	-0.00908034	0.0
585	-0.010227	0.00757988	0.0
586	0.000539680999999	-0.00459462	0.0
587	-0.000470569000001	0.00177636	0.0
588	-0.000488814	0.00470352	0.0
589	0.00411816	-0.00629787	0.0
590	-0.00542819	0.00482517	0.0
591	0.00645747	-0.00211052	0.0
592	-0.00291562	-0.0121599	0.0
593	-0.00260488	0.0127755	0.0
594	0.000295411999998	-0.00272481	0.0
595	-0.00707995	-0.0146691	0.0
596	0.00108903	0.0199217	0.0
597	0.00367461	-0.0059929	0.0
598	0.00573512	-0.000414042000002	0.0
599	0.00211317	0.0146748	0.0
600	0.00150395	-0.0163391	0.0
601	-0.00987137	0.0126623	0.0
602	-0.0100825	0.00852489	0.0
603	0.00690666	-0.00809944	0.0
604	-0.000126837000001	0.0139169	0.0
605	-0.00232901	-0.0114097	0.0
606	-0.00227569	0.012489	0.0
607	0.00859359	-0.00979105	0.0
608	-0.00772348	-0.00383454	0.0
609	-0.00566408	0.0059904	0.0
610	0.00935906	-0.0080912	0.0
611	-0.00218757	0.00818657	0.0
612	0.000916047999996	0.00526305	0.0
613	0.00281209	-0.00436749	0.0
614	-0.00893996999999	-0.00414967	0.0
615	0.00322365	-0.00741635	0.0
616	0.00461763	0.00110726	0.0
617	-0.000580511000002	0.00330586	0.0
618	-0.00548114999999	0.0042489	0.0
619	-0.00122637	-0.00111425	0.0
620	0.00287470999999	-0.00280535	0.0
621	-0.00217451	0.00664586	0.0
622	0.000654514999999	-0.00505695	0.0
623	0.00543857000001	0.00748083	0.0
624	0.00148954	-0.00716955	0.0
625	-0.00225462000001	0.00147006	0.0
626	0.000610806000001	0.000743805	0.0
627	-0.00608735	-0.00286413	0.0
628	-0.0053736	0.00139163	0.0
629	0.00620188	-0.0115401	0.0
630	0.00823145	-0.0039445	0.0
631	-0.00975895	0.00743147	0.0
632	0.00127106	-0.00353392	0.0
633	0.0094492	0.00583242	0.0
634	-0.00717635	-0.00497521	0.0
635	-0.00555485	-0.0109051	0.0
636	-0.00544256	0.00512911	0.0
637	-0.00137112	-0.00292265	0.0
638	0.00517192	0.00941683	0.0
639	0.00286630999999	0.0093778	0.0
640	0.00783604000001	-0.0102648	0.0
641	0.00376407	-0.00494306	0.0
642	-0.00699525	0.00800181	0.0
643	-0.00381665	0.0095259	0.0
644	0.00283349	-0.0145295	0.0
645	0.000879732	-0.000415316999998	0.0
646	-0.000195032999999	0.0100513	0.0
647	0.00496128	-0.00808516	0.0
648	0.0052762	-0.00403695	0.0
649	-0.00446202	0.0109117	0.0
650	0.000910974	-0.00664951	0.0
651	0.00686593	0.0110049	0.0
652	-0.00233818	-0.0060782	0.0
653	-0.00280881	0.00294993	0.0
654	0.00225163	0.00552473	0.0
655	0.0054187	0.00617575	0.0
656	-0.00507088	0.00268207	0.0
657	-0.00506314	-0.00484948	0.0
658	-0.00634628	0.0108302	0.0
659	0.00739588	-0.00757132	0.0
660	0.00307501	-0.00893642	0.0
661	-0.00495641	0.00270694	0.0
662	-0.00417096	-0.00219176	0.0
663	0.00350303	0.0018072	0.0
664	0.00758224	0.00427846	0.0
665	-0.00235089	0.0048507	0.0
666	0.00420459	-0.000580159	0.0
667	0.00186543	0.00164706	0.0
668	-0.00856457	0.00108004	0.0
669	0.00443094	-0.0015145	0.0
670	0.00705844	0.000516183999999	0.0
671	0.00603635	0.007583	0.0
672	-0.0107934	-0.00429649	0.0
673	-0.00285697	0.00859341	0.0
674	0.0105262	-0.00182054	0.0
675	0.00838733	-0.000498682	0.0
676	0.00177369	0.0118524	0.0
677	-0.0145129	-0.0197132	0.0
678	0.0059295	0.0350928	0.0
679	0.00507495	-0.00719907	0.0
680	-0.00714884	-0.00575596	0.0
681	0.00245992	-0.00180177	0.0
682	-0.00161257	0.00586747	0.0
683	0.00679869	0.00056099	0.0
684	0.00414627	0.00351059	0.0
685	-0.00798644	-0.00751506	0.0
686	-0.00501499	0.00380165	0.0
687	0.0118431	-0.00807302	0.0
688	-0.00115076	-0.008091	0.0
689	-0.000665536999997	0.00702201	0.0
690	0.00605347	-0.0134938	0.0
691	-0.00396177	-5.72238000032e-05	0.0
692	-0.00394027	-0.00734278	0.0
693	-0.00101766	-0.00472008	0.0
694	0.00772651	-0.00960509	0.0
695	-0.000844761000001	0.0104095	0.0
696	-0.00244736	-0.00385955	0.0
697	0.00577927	0.000211166000001	0.0
698	0.00472402	-0.00274623	0.0
699	-0.00256406	0.00225506	0.0
700	-0.00819106	0.0041868	0.0
701	0.00863735	0.00106673	0.0
702	-0.00483419	-0.0071212	0.0
703	-0.00596362	-0.00271544	0.0
704	0.00233056	-0.00690988	0.0
705	0.00932307	0.00732567	0.0
706	0.0088613	-0.00844676	0.0
707	-0.00829676999999	0.00634972	0.0
708	-0.00303353	-0.00717706	0.0
709	-0.00194063	-0.00171467	0.0
710	-0.00200094999999	0.0129527	0.0
711	-0.00292459	-0.00171086	0.0
712	0.00316099999999	-0.000842082999995	0.0
713	0.00410333	-0.0033932	0.0
714	0.00236724	0.00781195	0.0
715	0.00471903	-0.00428261	0.0
716	-0.00862466	0.0115178	0.0
717	0.00969126	-0.00787963	0.0
718	-0.00433	-0.00741453	0.0
719	-0.00587374	0.000175911999999	0.0
720	0.00666418000001	-0.000441868999997	0.0
721	0.00945898	-0.0152069	0.0
722	0.0102377	0.00843738	0.0
723	-0.0104529	0.00998438	0.0
724	-0.00970021	-0.00436135	0.0
725	0.0122279	0.00660546	0.0
726	0.00382856	-0.00792614	0.0
727	-0.00808985	-0.00319565	0.0
728	0.000814911000001	0.00364786	0.0
729	-0.000359726	0.00980714	0.0
730	0.00388795	-0.0152254	0.0
731	2.53596e-05	0.00190856	0.0
732	-0.00429957	-0.00140606	0.0
733	-0.00123707	-0.00479189	0.0
734	0.00708953	-0.00834798	0.0
735	0.00179283	-0.000673267999998	0.0
736	-0.00660346	-0.00431411	0.0
737	0.00536246	-0.0025917	0.0
738	0.00970789	-0.00521081	0.0
739	-0.00970624	0.00914	0.0
740	-0.00535866	0.000334238000002	0.0
741	0.000951715000001	-6.27706999992e-05	0.0
742	0.00334956	0.00691431	0.0
743	0.000923063	0.00514795	0.0
744	-0.0017929	0.00576898	0.0
745	-0.00353504	-0.00250492	0.0
746	0.00137653	0.00372734	0.0
747	-0.00160181	-0.00105588	0.0
748	-0.000920639	0.00243435	0.0
749	-0.00188639	0.00217164	0.0
750	-0.00236658	-0.0101933	0.0
751	0.0034676	-0.00298441	0.0
752	-0.00488676	-0.0097251	0.0
753	0.00100515	0.0109238	0.0
754	0.00547723	-0.0114114	0.0
755	-0.0089567	-0.00426874000001	0.0
756	0.00776851	0.000705247000005	0.0
757	0.000960271999999	-0.00972564	0.0
758	-0.0245736	-0.0160766	0.0
759	-0.00544714999999	-0.0184207	0.0
760	-0.00857437000001	-0.00552501000001	0.0
761	0.0152502	0.00410709	0.0
762	0.000720654999997	-0.015491	0.0
763	0.00337055000001	0.0121002	0.0
764	0.0011963	-0.0157876	0.0
765	-0.0111385	-0.000166178000005	0.0
766	-0.00364662	0.000610042000003	0.0
767	6.83283000005e-05	-0.000816808999999	0.0
768	0.0143688	0.00620724	0.0
769	-0.00824116	0.0143617	0.0
770	-0.00447325	0.00533901	0.0
771	0.00363821	0.00554876	0.0
772	-0.00424849	0.00341453	0.0
773	0.000140521000002	0.0129932	0.0
774	-0.0011336	-0.00616707	0.0
775	4.09878e-05	0.00205716	0.0
776	0.0038263	-0.00957405	0.0
777	-0.00312287	0.00856036	0.0
778	0.00525551	-0.00224728	0.0
779	0.00554232	-0.00110763	0.0
780	-0.00977346	-0.0141961	0.0
781	-0.00343073	0.00398111	0.0
782	0.00437652	-0.000571099999999	0.0
783	-0.00348291	0.00670887	0.0
784	0.00234325	0.00160753	0.0
785	-0.002197	0.00977272	0.0
786	0.00196553	-0.00449562	0.0
787	-0.00624781	-0.00233923	0.0
788	-0.000235251999999	0.00577843	0.0
789	0.0064562	-0.00221236	0.0
790	0.000748634999999	-0.00598276	0.0
791	-0.00243806999999	-0.00198807000001	0.0
792	0.00220391	-0.0106352	0.0
793	0.00206346	0.00887202	0.0
794	-0.000694650000003	-0.00824334	0.0
795	-0.00407163	-0.0104099	0.0
796	0.00222244	-0.00333485	0.0
797	0.00124313	0.00489281	0.0
798	0.00319016	-0.0132861	0.0
799	-0.0046577	0.0136305	0.0
800	-0.010043	0.00392221	0.0
801	0.00770188	-0.0034262	0.0
802	-0.00697362	-0.00563938	0.0
803	0.00303061	0.00810801	0.0
804	-0.00120003	-0.00279324	0.0
805	-0.00899264	0.00594018	0.0
806	0.00693938	0.0031863	0.0
807	-0.00488804	0.00679172	0.0
808	0.00372422	0.00246247	0.0
809	0.00459871	0.00398185	0.0
810	-0.00903061	-0.000343287	0.0
811	0.0077756	-0.00505112	0.0
812	-0.000841264	-0.00459699	0.0
813	0.00198359	-0.00520493	0.0
814	-0.00254783	-0.002283	0.0
815	-0.00370753	0.000849508	0.0
816	0.00665928	0.00846579	0.0
817	-0.00410226	0.00773974	0.0
818	0.00140853	0.00172393	0.0
819	-0.001349598	-0.00244828	0.0
820	0.01586078	0.01323424	0.0
821	0.0061253	0.00108475	0.0
822	-0.0016065789	0.00031307	0.0
823	0.003124168	-0.00192277	0.0
824	-0.000297393	0.000649322999999	0.0
825	-0.00233189	-0.00793173	0.0
826	0.000369108999998	-0.00578204	0.0
827	-0.00130484	-0.000973276	0.0
828	-0.000667574999998	0.00419639	0.0
829	0.00161095	0.00481019	0.0
830	-0.00307339	0.00237878	0.0
831	0.00582886	0.00736857	0.0
832	-0.000393408999998	-0.00198043	0.0
833	-0.00437516	0.00130594	0.0
834	0.00608151	-0.00297216	0.0
835	-0.00780012	0.00496616	0.0
836	0.00314608	0.00522411	0.0
837	-0.000206372000002	0.00669004	0.0
838	-0.00462911	0.00413596	0.0
839	0.00272802	0.00525871	0.0
840	-0.000613460999998	0.00371474	0.0
